NameTTD	Time
1	88.5
2	187.4
3	138.5
4	115.7
5	61.7
6	54.7
7	52.1
8	50.2
9	56.6
10	52.4
11	48.2
12	51.6
13	47.3
14	49.8
15	47.9
16	50.9
17	46.5
18	49.9
19	48.6
20	49.7
21	49.1
22	48.5
23	48.4
24	46.7
25	49.3
26	48.3
27	50.8
28	47.5
29	51.2
30	48.0
31	51.4
32	46.9
33	54.0
34	50.2
35	52.5
36	51.9
37	53.9
38	414.8
39	425.6
40	493.8
41	457.6
42	459.9
43	463.4
44	474.5
45	822.0
46	156.7
47	137.5
48	148.8
49	73.5
50	52.7
51	55.6
52	55.3
53	71.2
54	60.0
55	60.5
56	66.0
57	67.7
58	71.9
59	71.6
60	73.7
61	76.2
62	77.9
63	82.7
64	79.0
65	80.1
66	88.5
67	86.0
68	88.0
69	92.0
70	416.2
71	447.6
72	448.9
73	453.1
74	455.5
75	479.8
76	442.3
77	466.8
78	410.7
79	61.5
80	50.3
81	51.5
82	49.2
83	48.2
84	48.2
85	48.5
86	51.8
87	47.1
88	49.3
89	47.0
90	50.4
91	49.1
92	49.9
93	48.3
94	50.7
95	49.3
96	50.6
97	47.9
98	51.1
99	47.4
100	51.6
101	49.3
102	60.3
103	54.5
104	59.7
105	61.8
106	61.5
107	64.3
108	66.2
109	67.9
110	70.8
111	73.3
112	70.6
113	75.5
114	79.2
115	78.5
116	81.1
117	82.9
118	84.1
119	88.1
120	85.2
121	88.0
122	88.0
123	91.1
124	91.5
125	90.7
126	91.8
127	90.7
128	96.0
129	95.4
130	95.7
131	93.9
132	94.0
133	96.3
134	96.3
135	93.6
136	94.2
137	90.1
138	91.0
139	89.7
140	85.8
141	87.7
142	84.4
143	82.4
144	81.8
145	80.6
146	78.5
147	79.7
148	77.2
149	74.7
150	75.0
151	75.2
152	77.4
153	75.5
154	77.8
155	72.7
156	73.1
157	75.0
158	77.7
159	78.0
160	81.6
161	82.1
162	82.2
163	82.7
164	82.4
165	82.7
166	81.8
167	82.4
168	82.6
169	81.7
170	83.5
171	80.8
172	76.2
173	80.0
174	77.3
175	75.7
176	73.9
177	73.1
178	74.3
179	71.2
180	71.8
181	72.4
182	73.7
183	72.5
184	72.6
185	72.6
186	71.4
187	71.4
188	73.0
189	74.0
190	75.6
191	76.7
192	80.7
193	79.0
194	82.9
195	77.1
196	79.2
197	86.2
198	82.0
199	89.2
200	79.0
201	77.6
202	81.3
203	82.4
204	80.6
205	81.7
206	86.1
207	86.5
208	85.6
209	87.7
210	91.0
211	96.0
212	93.4
213	90.3
214	88.2
215	93.3
216	111.3
217	102.2
218	96.8
219	97.3
220	105.3
221	102.3
222	101.2
223	100.9
224	103.4
225	98.1
226	94.5
227	94.7
228	112.3
229	101.7
230	102.9
231	106.0
232	102.5
233	100.9
234	103.5
235	100.3
236	96.0
237	93.9
238	95.3
239	96.2
240	94.7
241	91.9
242	90.3
243	88.1
244	92.0
245	90.9
246	89.5
247	89.0
248	88.6
249	91.5
250	91.6
251	89.2
252	90.1
253	89.8
254	88.4
255	89.2
256	89.2
257	89.1
258	87.8
259	88.7
260	90.0
261	97.0
262	89.9
263	90.8
264	96.8
265	125.0
266	105.1
267	102.1
268	104.7
269	103.6
270	102.5
271	94.4
272	95.4
273	97.7
274	95.2
275	89.9
276	88.8
277	89.9
278	90.2
279	89.7
280	90.3
281	90.6
282	90.2
283	88.4
284	94.3
285	90.4
286	89.1
287	88.9
288	95.1
289	90.2
290	89.8
291	89.3
292	90.0
293	88.6
294	95.1
295	96.3
296	97.2
297	152.8
298	163.6
299	115.2
300	115.2
301	164.3
302	422.3
303	381.6
304	184.8
305	156.5
306	209.5
307	267.2
308	147.8
309	160.4
310	134.2
311	124.5
312	128.5
313	112.1
314	107.1
315	153.8
316	114.0
317	118.7
318	160.7
319	220.6
320	302.9
321	398.7
322	285.3
323	153.5
324	145.3
325	155.5
326	128.5
327	122.4
328	124.0
329	111.8
330	105.6
331	103.9
332	98.6
333	98.2
334	95.5
335	92.3
336	89.5
337	87.7
338	85.4
339	82.0
340	79.6
341	77.2
342	76.0
343	73.7
344	74.2
345	73.0
346	70.6
347	71.0
348	70.4
349	70.3
350	68.5
351	68.2
352	68.7
353	68.0
354	66.0
355	65.9
356	65.1
357	65.8
358	65.6
359	65.6
360	65.4
361	65.1
362	65.6
363	63.4
364	64.6
365	63.3
366	63.1
367	63.9
368	63.2
369	63.0
370	63.1
371	64.2
372	63.5
373	63.9
374	63.3
375	63.6
376	63.4
377	63.9
378	63.4
379	63.4
380	63.5
381	63.0
382	63.3
383	63.9
384	63.3
385	62.6
386	63.2
387	62.6
388	63.1
389	63.4
390	63.4
391	63.2
392	63.5
393	62.9
394	62.9
395	63.9
396	63.3
397	63.5
398	62.6
399	63.5
400	63.1
401	63.1
402	63.2
403	63.1
404	64.2
405	63.0
406	62.8
407	63.6
408	63.6
409	63.1
410	62.8
411	63.3
412	63.0
413	63.1
414	63.3
415	63.9
416	63.0
417	63.2
418	62.7
419	60.9
420	61.2
421	61.2
422	60.9
423	61.5
424	61.2
425	61.1
426	63.2
427	63.6
428	62.6
429	63.0
430	63.4
431	62.7
432	63.2
433	62.9
434	63.7
435	64.8
436	63.6
437	63.4
438	63.1
439	63.0
440	62.7
441	62.8
442	62.8
443	63.3
444	62.8
445	63.1
446	63.8
447	63.9
448	62.9
449	63.1
450	63.3
451	63.0
452	63.1
453	63.1
454	64.0
455	63.2
456	62.9
457	63.0
458	63.3
459	63.0
460	63.8
461	63.4
462	63.2
463	63.1
464	63.3
465	78.1
466	63.1
467	65.1
468	66.3
469	67.7
470	69.2
471	69.2
472	68.4
473	65.4
474	66.6
475	66.2
476	71.9
477	69.7
478	72.3
479	74.9
480	74.3
481	84.8
482	86.8
483	87.3
484	87.8
485	86.8
486	85.6
487	89.9
488	91.4
489	92.7
490	91.0
491	89.9
492	87.9
493	90.4
494	90.0
495	89.0
496	89.0
497	90.4
498	89.6
499	93.2
500	88.0
501	88.1
502	88.5
503	84.8
504	85.2
505	86.7
506	84.0
507	83.9
508	83.6
509	85.4
510	84.2
511	84.4
512	84.9
513	85.3
514	82.4
515	80.4
516	81.5
517	78.2
518	77.0
519	75.0
520	73.5
521	75.0
522	71.6
523	71.2
524	72.5
525	71.9
526	73.7
527	74.5
528	75.3
529	77.5
530	77.8
531	77.2
532	77.7
533	78.8
534	79.4
535	79.0
536	81.4
537	85.6
538	84.6
539	84.0
540	88.0
541	84.3
542	88.1
543	83.1
544	85.0
545	83.7
546	83.9
547	85.7
548	84.8
549	86.3
550	85.1
551	81.1
552	80.6
553	79.8
554	76.8
555	77.8
556	74.2
557	73.6
558	73.9
559	70.9
560	71.2
561	70.6
562	70.6
563	68.2
564	67.5
565	68.3
566	67.9
567	68.4
568	66.9
569	66.3
570	65.3
571	65.4
572	65.4
573	87.8
574	76.1
575	82.0
576	82.0
577	124.2
578	98.1
579	96.8
580	117.4
581	378.6
582	385.0
583	332.9
584	191.1
585	151.6
586	140.7
587	159.1
588	129.9
589	120.1
590	111.0
591	107.0
592	103.2
593	100.7
594	98.7
595	94.0
596	92.8
597	92.4
598	88.9
599	88.8
600	89.8
601	88.8
602	85.7
603	84.9
604	84.9
605	86.9
606	89.1
607	88.0
608	87.9
609	86.7
610	84.2
611	84.6
612	86.3
613	84.1
614	84.3
615	83.9
616	84.9
617	84.5
618	85.4
619	86.7
620	82.5
621	80.9
622	80.9
623	78.6
624	77.2
625	75.6
626	73.7
627	75.2
628	74.0
629	71.7
630	70.5
631	70.6
632	69.5
633	68.3
634	68.2
635	68.6
636	68.3
637	68.2
638	65.6
639	65.4
640	65.8
641	65.8
642	65.5
643	66.1
644	66.1
645	65.6
646	65.5
647	65.2
648	63.1
649	63.3
650	63.2
651	64.0
652	63.5
653	63.2
654	63.2
655	63.2
656	63.6
657	63.6
658	63.0
659	65.3
660	63.0
661	63.6
662	62.8
663	63.3
664	62.9
665	63.4
666	62.6
667	63.2
668	63.4
669	63.3
670	62.7
671	63.3
672	63.4
673	63.0
674	64.7
675	70.5
676	70.9
677	68.5
678	75.4
679	83.1
680	86.4
681	86.9
682	85.7
683	87.2
684	85.5
685	86.9
686	88.9
687	85.1
688	81.5
689	86.6
690	87.6
691	92.7
692	88.3
693	89.6
694	94.9
695	95.3
696	92.8
697	88.6
698	89.3
699	90.0
700	95.4
701	93.8
702	100.9
703	95.1
704	94.1
705	91.4
706	93.5
707	86.8
708	86.5
709	87.3
710	82.5
711	80.2
712	77.9
713	76.3
714	74.2
715	73.4
716	73.3
717	70.4
718	71.3
719	70.9
720	69.3
721	68.3
722	68.4
723	68.0
724	68.0
725	68.3
726	66.0
727	65.5
728	65.5
729	68.9
730	74.1
731	75.0
732	76.5
733	77.7
734	77.8
735	80.9
736	82.6
737	81.4
738	81.7
739	84.5
740	81.9
741	81.1
742	81.5
743	85.1
744	80.6
745	83.8
746	86.9
747	83.6
748	84.5
749	85.8
750	114.0
751	95.5
752	90.1
753	90.5
754	93.3
755	94.8
756	97.7
757	95.4
758	92.7
759	89.2
760	91.3
761	90.1
762	88.9
763	90.7
764	91.2
765	90.2
766	90.1
767	88.7
768	89.2
769	90.7
770	89.2
771	91.2
772	88.2
773	87.4
774	93.8
775	91.9
776	88.9
777	89.0
778	88.9
779	89.5
780	89.3
781	89.0
782	93.7
783	87.7
784	84.3
785	84.0
786	84.7
787	84.1
788	85.1
789	87.1
790	85.5
791	82.4
792	86.8
793	91.4
794	93.9
795	99.4
796	99.7
797	114.2
798	98.8
799	106.1
800	109.0
801	110.6
802	108.3
803	104.8
804	101.2
805	96.2
806	95.8
807	94.7
808	94.0
809	89.4
810	89.5
811	96.5
812	92.0
813	91.0
814	92.4
815	88.0
816	88.2
817	88.4
818	89.2
819	89.3
820	89.3
821	88.8
822	85.4
823	89.5
824	86.3
825	81.2
826	83.9
827	84.2
828	84.3
829	85.0
830	83.7
831	85.7
832	90.2
833	88.7
834	91.4
835	88.7
836	86.2
837	85.3
838	86.1
839	90.6
840	88.7
841	88.6
842	90.3
843	91.1
844	90.4
845	88.6
846	89.9
847	87.4
848	88.3
849	84.0
850	86.6
851	83.4
852	86.0
853	87.6
854	90.8
855	92.5
856	95.0
857	94.0
858	88.8
859	94.2
860	89.7
861	91.3
862	89.6
863	91.3
864	91.2
865	91.0
866	89.3
867	88.7
868	87.8
869	89.3
870	91.3
871	88.5
872	87.8
873	92.2
874	91.1
875	88.5
876	97.5
877	95.6
878	97.3
879	93.6
880	97.8
881	94.7
882	101.3
883	91.0
884	90.7
885	94.0
886	94.9
887	88.4
888	90.0
889	93.7
890	112.7
891	96.9
892	94.3
893	94.4
894	91.6
895	88.7
896	89.4
897	90.0
898	88.2
899	88.2
900	89.4
901	87.6
902	87.4
903	97.3
904	86.0
905	91.4
906	94.5
907	89.5
908	92.8
909	88.1
910	90.7
911	90.5
912	90.3
913	88.9
914	96.3
915	91.7
916	92.7
917	92.6
918	89.4
919	89.8
920	92.2
921	101.5
922	104.6
923	94.9
924	100.2
925	96.8
926	94.6
927	95.1
928	94.9
929	95.9
930	95.4
931	91.9
932	89.4
933	89.1
934	89.4
935	92.3
936	88.5
937	88.5
938	88.0
939	88.7
940	86.6
941	87.1
942	84.4
943	84.1
944	84.5
945	84.7
946	88.6
947	84.8
948	86.2
949	83.8
950	84.5
951	84.6
952	84.4
953	83.5
954	83.7
955	85.3
956	85.4
957	87.9
958	86.1
959	83.8
960	83.7
961	84.9
962	84.8
963	89.6
964	90.8
965	88.0
966	91.2
967	90.0
968	88.4
969	95.0
970	93.4
971	88.5
972	92.1
973	93.3
974	92.3
975	90.3
976	90.8
977	131.6
978	102.4
979	98.7
980	153.8
981	194.9
982	153.0
983	131.4
984	179.2
985	274.9
986	133.8
987	203.1
988	352.8
989	361.5
990	350.7
991	155.7
992	133.9
993	259.9
994	272.5
995	186.6
996	137.2
997	130.5
998	128.0
999	151.7
1000	373.8
1001	143.5
1002	127.1
1003	229.6
1004	270.7
1005	128.1
1006	133.4
1007	308.8
1008	279.3
1009	227.8
1010	134.2
1011	160.1
1012	373.4
1013	205.5
1014	140.4
1015	125.7
1016	118.2
1017	118.9
1018	108.9
1019	143.5
1020	292.4
1021	284.7
1022	159.8
1023	129.9
1024	232.2
1025	391.4
1026	136.6
1027	149.1
1028	233.9
1029	148.2
1030	148.5
1031	133.9
1032	162.3
1033	155.3
1034	146.7
1035	186.2
1036	161.4
1037	192.7
1038	150.6
1039	238.5
1040	134.6
1041	134.7
1042	390.9
1043	292.5
1044	286.7
1045	323.9
1046	147.5
1047	145.7
1048	136.1
1049	144.5
1050	135.1
1051	122.1
1052	111.2
1053	106.1
1054	101.7
1055	101.6
1056	97.6
1057	95.5
1058	93.3
1059	94.2
1060	89.4
1061	90.1
1062	89.4
1063	87.5
1064	88.6
1065	88.5
1066	88.3
1067	84.5
1068	84.1
1069	84.2
1070	84.8
1071	84.5
1072	98.5
1073	89.2
1074	101.4
1075	103.8
1076	95.8
1077	98.6
1078	104.6
1079	103.6
1080	102.3
1081	100.2
1082	94.1
1083	97.9
1084	94.1
1085	103.3
1086	95.9
1087	93.6
1088	95.2
1089	90.0
1090	88.6
1091	89.5
1092	89.8
1093	90.9
1094	89.8
1095	88.6
1096	90.3
1097	91.3
1098	89.8
1099	92.7
1100	90.1
1101	89.5
1102	88.5
1103	89.8
1104	92.1
1105	89.7
1106	90.3
1107	88.9
1108	88.4
1109	88.3
1110	88.1
1111	83.6
1112	84.5
1113	83.9
1114	86.7
1115	86.2
1116	86.7
1117	84.6
1118	84.1
1119	81.3
1120	81.1
1121	78.6
1122	78.2
1123	74.0
1124	74.1
1125	72.9
1126	70.9
1127	70.4
1128	72.5
1129	77.3
1130	77.3
1131	82.1
1132	81.6
1133	81.8
1134	84.5
1135	86.1
1136	84.4
1137	84.0
1138	84.3
1139	85.6
1140	85.4
1141	88.1
1142	89.7
1143	96.8
1144	89.8
1145	88.3
1146	88.2
1147	89.6
1148	86.6
1149	85.0
1150	84.3
1151	94.7
1152	93.0
1153	89.8
1154	94.6
1155	89.2
1156	88.4
1157	89.4
1158	106.5
1159	97.0
1160	93.4
1161	93.4
1162	92.5
1163	89.8
1164	88.0
1165	87.8
1166	88.1
1167	88.6
1168	89.3
1169	90.8
1170	85.1
1171	85.1
1172	83.9
1173	80.9
1174	82.7
1175	77.8
1176	77.0
1177	73.5
1178	74.4
1179	74.6
1180	70.6
1181	71.8
1182	70.9
1183	71.2
1184	69.8
1185	68.2
1186	69.4
1187	67.9
1188	67.0
1189	65.6
1190	65.7
1191	66.2
1192	65.2
1193	66.2
1194	66.3
1195	65.7
1196	66.7
1197	74.1
1198	69.5
1199	74.2
1200	73.9
1201	73.6
1202	78.2
1203	78.3
1204	80.1
1205	80.0
1206	83.5
1207	81.2
1208	81.7
1209	83.3
1210	83.2
1211	81.5
1212	81.9
1213	80.8
1214	80.2
1215	78.2
1216	78.9
1217	80.2
1218	80.6
1219	82.1
1220	81.1
1221	84.1
1222	84.5
1223	84.6
1224	85.1
1225	87.3
1226	87.9
1227	86.2
1228	85.7
1229	83.7
1230	85.2
1231	85.1
1232	85.6
1233	84.9
1234	84.2
1235	84.0
1236	84.9
1237	83.8
1238	84.7
1239	85.4
1240	85.4
1241	86.7
1242	84.3
1243	82.8
1244	84.4
1245	82.3
1246	82.0
1247	81.1
1248	83.0
1249	84.9
1250	87.5
1251	85.8
1252	84.0
1253	86.2
1254	86.3
1255	83.7
1256	91.2
1257	92.8
1258	88.5
1259	88.4
1260	89.6
1261	89.4
1262	88.8
1263	88.9
1264	87.8
1265	88.4
1266	85.4
1267	85.5
1268	84.7
1269	86.2
1270	84.4
1271	83.8
1272	83.9
1273	84.8
1274	86.6
1275	84.7
1276	81.2
1277	81.3
1278	81.1
1279	80.2
1280	77.4
1281	79.3
1282	74.6
1283	73.7
1284	74.1
1285	71.3
1286	71.6
1287	71.9
1288	70.2
1289	68.5
1290	68.4
1291	68.4
1292	73.1
1293	76.9
1294	74.2
1295	88.6
1296	164.0
1297	280.8
1298	340.4
1299	291.6
1300	152.2
1301	136.4
1302	153.6
1303	127.0
1304	116.3
1305	110.7
1306	104.7
1307	102.6
1308	98.7
1309	95.6
1310	94.4
1311	91.1
1312	88.1
1313	86.0
1314	82.7
1315	79.7
1316	78.0
1317	76.4
1318	74.1
1319	74.1
1320	73.5
1321	71.7
1322	70.4
1323	71.0
1324	70.3
1325	67.8
1326	68.0
1327	68.6
1328	67.7
1329	67.9
1330	66.2
1331	65.8
1332	65.3
1333	64.9
1334	65.8
1335	65.7
1336	66.3
1337	65.4
1338	65.5
1339	62.8
1340	63.3
1341	63.4
1342	63.5
1343	63.7
1344	63.3
1345	63.6
1346	64.0
1347	63.1
1348	63.2
1349	63.5
1350	63.1
1351	63.6
1352	63.0
1353	65.4
1354	64.5
1355	63.4
1356	63.2
1357	63.3
1358	63.5
1359	63.6
1360	63.1
1361	62.9
1362	63.3
1363	63.1
1364	64.1
1365	63.2
1366	63.3
1367	63.4
1368	63.1
1369	63.8
1370	63.1
1371	64.5
1372	63.2
1373	63.8
1374	63.7
1375	63.9
1376	64.2
1377	65.8
1378	66.4
1379	69.4
1380	69.1
1381	71.5
1382	73.1
1383	74.1
1384	73.5
1385	77.0
1386	77.6
1387	79.1
1388	78.8
1389	83.5
1390	82.9
1391	80.3
1392	83.3
1393	84.0
1394	84.5
1395	85.2
1396	85.6
1397	84.2
1398	84.2
1399	86.6
1400	84.1
1401	84.4
1402	90.3
1403	90.6
1404	87.3
1405	88.3
1406	90.5
1407	89.0
1408	90.5
1409	88.0
1410	84.0
1411	87.5
1412	97.9
1413	106.1
1414	93.1
1415	101.1
1416	115.2
1417	109.0
1418	105.9
1419	99.3
1420	100.4
1421	98.0
1422	93.7
1423	95.0
1424	95.0
1425	92.8
1426	90.1
1427	89.5
1428	90.2
1429	89.9
1430	88.3
1431	88.7
1432	88.3
1433	88.8
1434	90.4
1435	87.8
1436	86.0
1437	83.8
1438	85.2
1439	85.7
1440	84.6
1441	87.2
1442	84.7
1443	84.2
1444	89.7
1445	97.8
1446	100.7
1447	104.8
1448	106.0
1449	101.4
1450	101.0
1451	96.2
1452	98.8
1453	98.5
1454	94.6
1455	94.5
1456	94.7
1457	91.9
1458	88.6
1459	89.1
1460	89.4
1461	89.8
1462	88.2
1463	88.7
1464	89.9
1465	90.9
1466	90.6
1467	88.7
1468	87.6
1469	86.3
1470	88.8
1471	90.0
1472	91.8
1473	89.0
1474	88.9
1475	89.6
1476	89.2
1477	86.7
1478	85.8
1479	84.4
1480	84.6
1481	83.9
1482	84.7
1483	86.8
1484	94.2
1485	101.2
1486	93.3
1487	95.1
1488	92.4
1489	93.5
1490	90.2
1491	88.9
1492	89.5
1493	93.6
1494	91.5
1495	90.8
1496	91.2
1497	88.6
1498	91.8
1499	89.8
1500	90.3
1501	88.4
1502	89.4
1503	88.2
1504	92.3
1505	87.3
1506	85.2
1507	87.3
1508	88.3
1509	90.1
1510	89.8
1511	89.6
1512	88.6
1513	91.4
1514	91.6
1515	90.1
1516	92.7
1517	92.6
1518	101.1
1519	91.1
1520	92.4
1521	123.6
1522	265.9
1523	290.4
1524	144.6
1525	129.9
1526	272.0
1527	140.9
1528	125.0
1529	138.0
1530	118.7
1531	110.4
1532	168.9
1533	219.2
1534	250.9
1535	130.3
1536	123.9
1537	272.1
1538	319.7
1539	240.7
1540	146.2
1541	140.2
1542	131.6
1543	126.6
1544	115.2
1545	110.8
1546	104.7
1547	98.9
1548	92.4
1549	88.6
1550	86.0
1551	82.4
1552	79.2
1553	77.7
1554	76.2
1555	74.1
1556	74.5
1557	71.7
1558	71.3
1559	71.1
1560	70.2
1561	67.8
1562	68.1
1563	67.9
1564	70.1
1565	67.5
1566	65.5
1567	65.3
1568	65.9
1569	66.1
1570	66.2
1571	65.7
1572	65.8
1573	65.2
1574	64.2
1575	63.3
1576	63.8
1577	63.4
1578	63.3
1579	63.7
1580	62.8
1581	63.5
1582	62.9
1583	65.4
1584	63.3
1585	73.5
1586	63.1
1587	63.7
1588	63.8
1589	63.2
1590	64.1
1591	64.2
1592	63.0
1593	63.9
1594	63.2
1595	64.8
1596	63.4
1597	63.4
1598	63.1
1599	63.5
1600	63.2
1601	63.2
1602	63.2
1603	63.6
1604	64.8
1605	63.5
1606	62.7
1607	63.1
1608	64.0
1609	63.3
1610	66.2
1611	62.9
1612	63.0
1613	63.2
1614	63.2
1615	64.0
1616	63.3
1617	63.5
1618	63.3
1619	63.9
1620	63.3
1621	62.9
1622	64.2
1623	63.2
1624	63.4
1625	63.1
1626	65.6
1627	63.1
1628	63.4
1629	63.2
1630	64.0
1631	63.5
1632	63.0
1633	63.2
1634	63.3
1635	63.4
1636	63.8
1637	64.6
1638	63.7
1639	63.7
1640	62.9
1641	63.4
1642	63.7
1643	63.2
1644	64.3
1645	73.9
1646	63.6
1647	63.4
1648	63.3
1649	63.2
1650	63.6
1651	63.1
1652	63.5
1653	64.2
1654	63.5
1655	63.3
1656	63.0
1657	63.1
1658	63.3
1659	63.7
1660	63.4
1661	63.0
1662	63.9
1663	63.3
1664	63.0
1665	63.2
1666	63.6
1667	63.1
1668	63.5
1669	63.1
1670	63.5
1671	63.6
1672	63.2
1673	63.5
1674	63.3
1675	63.7
1676	62.4
1677	61.5
1678	61.3
1679	61.8
1680	60.5
1681	61.4
1682	61.8
1683	63.4
1684	64.2
1685	63.6
1686	63.7
1687	63.4
1688	63.9
1689	63.4
1690	64.1
1691	63.5
1692	63.2
1693	62.9
1694	63.1
1695	63.1
1696	62.9
1697	63.2
1698	63.3
1699	63.0
1700	63.3
1701	62.8
1702	63.6
1703	63.1
1704	63.7
1705	63.4
1706	63.9
1707	62.9
1708	63.4
1709	63.3
1710	64.0
1711	62.8
1712	62.6
1713	63.4
1714	63.5
1715	63.1
1716	63.2
1717	64.0
1718	63.6
1719	63.9
1720	63.1
1721	63.8
1722	62.9
1723	63.1
1724	62.9
1725	64.4
1726	63.6
1727	62.9
1728	63.3
1729	63.2
1730	62.9
1731	63.1
1732	63.0
1733	63.2
1734	63.5
1735	63.1
1736	63.2
1737	63.3
1738	64.2
1739	62.6
1740	63.0
1741	63.8
1742	63.5
1743	63.0
1744	63.1
1745	63.0
1746	64.1
1747	63.8
1748	63.2
1749	63.3
1750	63.1
1751	63.0
1752	62.8
1753	63.7
1754	63.2
1755	63.4
1756	62.9
1757	63.9
1758	63.1
1759	63.1
1760	63.1
1761	63.0
1762	63.1
1763	63.1
1764	63.2
1765	63.4
1766	63.6
1767	65.8
1768	62.9
1769	63.9
1770	63.2
1771	63.5
1772	63.7
1773	63.2
1774	63.3
1775	63.3
1776	63.2
1777	64.5
1778	63.1
1779	63.9
1780	63.3
1781	63.5
1782	63.0
1783	63.2
1784	65.1
1785	62.8
1786	63.4
1787	63.3
1788	63.3
1789	63.7
1790	63.4
1791	63.2
1792	63.6
1793	63.0
1794	63.4
1795	64.0
1796	64.0
1797	63.3
1798	63.2
1799	63.2
1800	64.3
1801	66.1
1802	65.4
1803	65.8
1804	66.6
1805	66.1
1806	65.0
1807	63.4
1808	63.1
1809	63.2
1810	63.2
1811	63.1
1812	66.9
1813	64.1
1814	63.2
1815	62.8
1816	65.5
1817	62.8
1818	63.6
1819	64.3
1820	63.8
1821	63.1
1822	62.6
1823	63.1
1824	63.1
1825	63.1
1826	63.1
1827	63.9
1828	62.8
1829	62.9
1830	63.8
1831	62.7
1832	63.3
1833	62.9
1834	63.3
1835	63.9
1836	62.9
1837	63.2
1838	63.1
1839	63.1
1840	63.9
1841	65.3
1842	66.5
1843	66.0
1844	65.3
1845	65.4
1846	65.3
1847	63.5
1848	63.2
1849	63.7
1850	62.9
1851	63.5
1852	63.5
1853	63.7
1854	63.1
1855	63.0
1856	63.4
1857	63.3
1858	63.4
1859	63.2
1860	63.5
1861	63.8
1862	63.0
1863	64.0
1864	63.7
1865	63.2
1866	63.8
1867	63.5
1868	63.9
1869	63.5
1870	62.9
1871	63.4
1872	63.3
1873	63.4
1874	63.5
1875	63.5
1876	63.7
1877	64.4
1878	63.0
1879	63.4
1880	63.5
1881	63.3
1882	64.8
1883	63.2
1884	63.6
1885	63.5
1886	63.3
1887	63.5
1888	64.3
1889	63.4
1890	63.1
1891	63.5
1892	63.2
1893	63.5
1894	62.9
1895	63.5
1896	63.8
1897	63.1
1898	63.2
1899	63.3
1900	63.6
1901	63.1
1902	63.0
1903	63.9
1904	63.6
1905	63.7
1906	63.5
1907	63.4
1908	63.2
1909	62.9
1910	63.4
1911	63.2
1912	63.5
1913	63.7
1914	66.2
1915	63.2
1916	63.5
1917	65.6
1918	73.9
1919	69.0
1920	71.0
1921	72.7
1922	73.8
1923	73.4
1924	73.6
1925	74.5
1926	73.9
1927	74.3
1928	76.3
1929	78.6
1930	77.2
1931	76.5
1932	74.3
1933	73.8
1934	74.0
1935	71.6
1936	70.9
1937	70.9
1938	70.7
1939	70.3
1940	67.9
1941	67.8
1942	68.2
1943	68.0
1944	68.0
1945	67.0
1946	65.9
1947	65.5
1948	65.5
1949	66.9
1950	65.5
1951	65.5
1952	65.8
1953	66.7
1954	66.0
1955	65.7
1956	65.4
1957	65.9
1958	65.7
1959	63.7
1960	63.4
1961	63.0
1962	63.6
1963	63.8
1964	63.3
1965	63.4
1966	63.4
1967	62.8
1968	62.6
1969	63.3
1970	63.6
1971	63.3
1972	63.3
1973	63.8
1974	63.4
1975	63.4
1976	63.7
1977	63.5
1978	63.2
1979	63.9
1980	63.7
1981	63.4
1982	63.6
1983	63.3
1984	64.1
1985	63.7
1986	63.6
1987	64.3
1988	64.7
1989	65.3
1990	65.9
1991	65.7
1992	65.6
1993	65.2
1994	66.5
1995	65.2
1996	65.9
1997	63.3
1998	63.9
1999	63.1
2000	63.6
2001	63.5
2002	63.5
2003	63.5
2004	64.5
2005	63.0
2006	64.3
2007	63.4
2008	62.9
2009	63.5
2010	63.8
2011	63.2
2012	63.7
2013	63.3
2014	63.4
2015	62.9
2016	63.9
2017	63.6
2018	62.8
2019	63.6
2020	63.7
2021	63.8
2022	63.9
2023	63.3
2024	64.0
2025	63.3
2026	64.1
2027	63.2
2028	63.8
2029	63.0
2030	63.6
2031	63.2
2032	64.7
2033	65.6
2034	65.7
2035	65.8
2036	66.3
2037	65.2
2038	63.1
2039	64.6
2040	62.7
2041	63.4
2042	63.5
2043	63.6
2044	63.7
2045	63.1
2046	63.5
2047	63.1
2048	63.7
2049	69.0
2050	67.2
2051	66.4
2052	65.7
2053	65.3
2054	65.8
2055	65.6
2056	65.8
2057	65.7
2058	65.3
2059	66.0
2060	63.7
2061	63.6
2062	63.1
2063	63.2
2064	63.3
2065	63.4
2066	63.2
2067	63.2
2068	63.1
2069	63.2
2070	63.3
2071	63.4
2072	64.1
2073	63.3
2074	63.3
2075	63.5
2076	63.4
2077	63.2
2078	63.3
2079	63.6
2080	63.6
2081	63.6
2082	63.5
2083	63.3
2084	63.2
2085	63.2
2086	63.4
2087	63.7
2088	63.8
2089	63.0
2090	63.5
2091	63.3
2092	63.9
2093	62.7
2094	63.4
2095	64.5
2096	63.4
2097	63.5
2098	63.4
2099	64.0
2100	63.3
2101	63.4
2102	63.7
2103	63.4
2104	63.9
2105	63.2
2106	63.3
2107	63.1
2108	63.5
2109	65.7
2110	65.1
2111	66.1
2112	66.0
2113	65.5
2114	66.2
2115	65.3
2116	66.7
2117	65.4
2118	66.2
2119	65.9
2120	64.8
2121	63.6
2122	63.7
2123	63.5
2124	63.5
2125	63.3
2126	64.0
2127	63.8
2128	63.4
2129	63.5
2130	63.4
2131	63.5
2132	63.5
2133	63.9
2134	63.8
2135	63.9
2136	63.3
2137	63.4
2138	63.3
2139	63.4
2140	63.1
2141	63.9
2142	63.3
2143	63.5
2144	63.1
2145	64.2
2146	63.8
2147	63.3
2148	63.4
2149	63.2
2150	63.2
2151	64.3
2152	63.2
2153	63.8
2154	63.0
2155	63.3
2156	63.1
2157	63.9
2158	63.3
2159	63.3
2160	63.5
2161	63.6
2162	63.3
2163	63.4
2164	63.6
2165	64.9
2166	65.9
2167	66.1
2168	66.1
2169	66.6
2170	66.6
2171	65.5
2172	65.9
2173	66.3
2174	65.7
2175	63.6
2176	63.8
2177	63.6
2178	63.2
2179	63.2
2180	63.4
2181	63.5
2182	63.2
2183	63.5
2184	63.3
2185	63.7
2186	63.3
2187	63.2
2188	63.6
2189	63.1
2190	63.7
2191	63.1
2192	63.9
2193	63.3
2194	62.8
2195	63.2
2196	63.6
2197	63.2
2198	63.2
2199	62.9
2200	64.1
2201	63.0
2202	63.4
2203	63.4
2204	65.1
2205	63.2
2206	63.4
2207	63.2
2208	63.4
2209	62.8
2210	63.2
2211	63.4
2212	63.8
2213	63.6
2214	63.4
2215	64.5
2216	66.0
2217	66.0
2218	65.6
2219	65.8
2220	67.0
2221	63.3
2222	63.4
2223	64.3
2224	64.1
2225	63.4
2226	63.6
2227	63.4
2228	63.3
2229	63.8
2230	63.6
2231	64.6
2232	63.1
2233	63.9
2234	63.6
2235	63.0
2236	63.7
2237	63.2
2238	63.3
2239	65.5
2240	66.1
2241	67.9
2242	68.5
2243	71.0
2244	72.0
2245	70.7
2246	74.7
2247	74.4
2248	75.3
2249	73.9
2250	74.2
2251	73.9
2252	74.3
2253	72.8
2254	70.8
2255	70.6
2256	70.7
2257	70.4
2258	68.3
2259	68.0
2260	68.4
2261	68.0
2262	68.6
2263	68.5
2264	67.2
2265	65.7
2266	65.7
2267	66.3
2268	65.9
2269	66.3
2270	66.0
2271	67.2
2272	65.9
2273	66.0
2274	65.8
2275	66.7
2276	65.6
2277	64.4
2278	63.5
2279	63.1
2280	64.1
2281	63.3
2282	63.4
2283	63.1
2284	63.4
2285	63.0
2286	63.1
2287	63.5
2288	63.8
2289	63.6
2290	63.0
2291	63.2
2292	63.6
2293	63.5
2294	62.6
2295	63.7
2296	63.5
2297	63.3
2298	63.4
2299	63.2
2300	63.2
2301	63.0
2302	63.7
2303	64.4
2304	66.2
2305	65.9
2306	66.4
2307	65.6
2308	65.8
2309	65.3
2310	63.8
2311	63.2
2312	63.6
2313	63.1
2314	64.5
2315	63.1
2316	63.4
2317	63.3
2318	64.2
2319	62.6
2320	63.2
2321	63.2
2322	64.2
2323	63.6
2324	62.7
2325	63.1
2326	63.6
2327	63.5
2328	63.5
2329	63.9
2330	63.5
2331	69.2
2332	65.4
2333	65.3
2334	65.6
2335	66.0
2336	66.4
2337	65.7
2338	66.5
2339	65.9
2340	65.7
2341	66.1
2342	65.9
2343	65.6
2344	65.1
2345	63.6
2346	63.2
2347	63.6
2348	63.1
2349	63.7
2350	63.5
2351	63.6
2352	63.6
2353	63.8
2354	63.3
2355	63.0
2356	63.3
2357	63.0
2358	63.9
2359	63.4
2360	63.6
2361	63.7
2362	63.9
2363	62.8
2364	63.2
2365	63.4
2366	63.4
2367	63.3
2368	63.1
2369	63.8
2370	63.1
2371	63.4
2372	63.1
2373	63.3
2374	63.0
2375	63.3
2376	63.3
2377	63.6
2378	63.1
2379	63.2
2380	63.4
2381	63.5
2382	64.3
2383	63.1
2384	63.6
2385	63.6
2386	63.2
2387	63.2
2388	63.3
2389	63.2
2390	63.6
2391	63.7
2392	63.7
2393	65.9
2394	65.6
2395	66.7
2396	66.1
2397	65.5
2398	63.4
2399	63.0
2400	63.8
2401	63.1
2402	63.5
2403	63.4
2404	71.3
2405	63.9
2406	63.3
2407	63.3
2408	63.4
2409	63.7
2410	63.1
2411	63.5
2412	62.8
2413	63.9
2414	62.8
2415	63.7
2416	63.6
2417	63.5
2418	63.6
2419	63.1
2420	63.6
2421	63.7
2422	63.3
2423	63.3
2424	65.7
2425	67.2
2426	66.3
2427	65.7
2428	65.5
2429	64.2
2430	62.9
2431	64.3
2432	63.5
2433	63.6
2434	63.4
2435	63.4
2436	63.3
2437	63.3
2438	63.6
2439	63.7
2440	64.6
2441	64.0
2442	63.1
2443	64.1
2444	63.4
2445	63.6
2446	63.5
2447	64.6
2448	63.5
2449	63.4
2450	63.2
2451	63.3
2452	63.2
2453	63.3
2454	63.2
2455	64.1
2456	63.5
2457	63.4
2458	63.2
2459	63.8
2460	63.1
2461	62.9
2462	62.9
2463	63.8
2464	63.6
2465	63.0
2466	63.0
2467	63.3
2468	64.6
2469	65.6
2470	65.8
2471	65.5
2472	66.8
2473	65.4
2474	63.5
2475	63.0
2476	63.3
2477	63.6
2478	63.4
2479	63.7
2480	63.9
2481	63.8
2482	63.2
2483	63.4
2484	63.5
2485	63.7
2486	63.4
2487	63.4
2488	63.5
2489	63.1
2490	63.9
2491	65.1
2492	66.2
2493	65.6
2494	67.2
2495	66.4
2496	65.7
2497	65.7
2498	65.6
2499	65.5
2500	65.5
2501	66.1
2502	65.7
2503	65.8
2504	63.4
2505	63.3
2506	63.3
2507	63.9
2508	63.6
2509	63.4
2510	63.0
2511	63.5
2512	63.3
2513	63.4
2514	64.6
2515	64.2
2516	63.2
2517	63.7
2518	63.6
2519	63.3
2520	63.6
2521	64.0
2522	63.2
2523	63.4
2524	63.7
2525	63.5
2526	63.7
2527	63.1
2528	64.0
2529	63.1
2530	63.7
2531	62.8
2532	63.7
2533	64.3
2534	63.2
2535	63.3
2536	62.7
2537	63.5
2538	63.3
2539	64.1
2540	63.0
2541	63.7
2542	63.0
2543	63.1
2544	62.8
2545	63.3
2546	63.5
2547	63.4
2548	62.9
2549	63.6
2550	62.9
2551	63.7
2552	62.9
2553	63.3
2554	64.1
2555	64.2
2556	65.1
2557	66.0
2558	65.6
2559	65.3
2560	65.6
2561	65.4
2562	65.7
2563	65.4
2564	64.7
2565	63.9
2566	63.3
2567	63.1
2568	62.9
2569	63.7
2570	63.6
2571	62.7
2572	63.2
2573	63.3
2574	62.9
2575	63.3
2576	62.9
2577	63.5
2578	63.0
2579	64.8
2580	63.5
2581	63.1
2582	63.1
2583	63.1
2584	62.9
2585	62.9
2586	63.1
2587	62.6
2588	63.8
2589	63.2
2590	63.6
2591	63.1
2592	63.3
2593	63.7
2594	63.1
2595	63.3
2596	63.3
2597	63.1
2598	63.1
2599	62.9
2600	63.3
2601	63.6
2602	63.7
2603	63.0
2604	65.8
2605	65.8
2606	65.6
2607	65.9
2608	64.9
2609	65.5
2610	63.4
2611	63.7
2612	64.1
2613	62.8
2614	63.2
2615	63.2
2616	66.0
2617	67.1
2618	76.0
2619	67.0
2620	65.7
2621	65.6
2622	66.2
2623	65.6
2624	66.1
2625	64.3
2626	62.7
2627	63.9
2628	63.7
2629	63.3
2630	63.1
2631	63.0
2632	63.6
2633	63.7
2634	63.3
2635	63.7
2636	64.3
2637	63.5
2638	63.6
2639	63.4
2640	64.1
2641	65.8
2642	63.3
2643	64.2
2644	63.1
2645	64.0
2646	63.5
2647	63.9
2648	63.8
2649	63.3
2650	63.4
2651	63.4
2652	63.3
2653	63.1
2654	63.6
2655	64.4
2656	63.7
2657	63.4
2658	63.1
2659	63.6
2660	63.3
2661	63.4
2662	63.2
2663	63.5
2664	63.4
2665	63.2
2666	62.8
2667	63.6
2668	64.1
2669	63.3
2670	63.6
2671	63.2
2672	63.1
2673	63.0
2674	63.8
2675	63.2
2676	63.8
2677	66.1
2678	66.8
2679	66.0
2680	65.8
2681	65.3
2682	66.1
2683	65.8
2684	65.7
2685	65.6
2686	65.3
2687	67.2
2688	66.1
2689	65.7
2690	66.0
2691	63.6
2692	63.3
2693	63.0
2694	66.2
2695	63.4
2696	63.2
2697	63.0
2698	63.8
2699	62.4
2700	63.6
2701	62.7
2702	63.0
2703	63.7
2704	63.3
2705	63.2
2706	63.2
2707	63.3
2708	63.3
2709	63.0
2710	63.8
2711	63.5
2712	63.3
2713	63.8
2714	63.9
2715	63.7
2716	62.8
2717	63.1
2718	63.1
2719	63.3
2720	63.1
2721	64.2
2722	63.6
2723	63.2
2724	63.6
2725	63.4
2726	63.6
2727	63.3
2728	63.5
2729	64.0
2730	63.6
2731	63.5
2732	64.1
2733	63.6
2734	63.8
2735	63.3
2736	63.6
2737	66.3
2738	67.0
2739	66.5
2740	67.0
2741	65.5
2742	65.5
2743	65.6
2744	66.7
2745	65.6
2746	63.9
2747	62.9
2748	62.6
2749	63.4
2750	63.3
2751	63.3
2752	63.8
2753	63.1
2754	63.7
2755	63.5
2756	63.3
2757	62.9
2758	63.3
2759	63.4
2760	63.5
2761	63.4
2762	63.2
2763	64.6
2764	63.0
2765	63.1
2766	63.1
2767	63.3
2768	64.3
2769	63.8
2770	63.1
2771	63.4
2772	62.9
2773	63.4
2774	63.7
2775	63.9
2776	63.8
2777	63.1
2778	62.9
2779	63.5
2780	63.1
2781	64.3
2782	63.8
2783	63.5
2784	63.8
2785	63.1
2786	63.1
2787	64.2
2788	63.4
2789	63.5
2790	63.1
2791	63.6
2792	64.6
2793	63.4
2794	63.5
2795	63.3
2796	62.9
2797	63.3
2798	63.3
2799	63.6
2800	63.7
2801	63.5
2802	63.3
2803	63.6
2804	66.1
2805	65.8
2806	65.6
2807	65.5
2808	65.9
2809	65.5
2810	63.3
2811	62.9
2812	63.3
2813	63.6
2814	63.1
2815	64.6
2816	63.5
2817	63.4
2818	64.8
2819	63.4
2820	63.4
2821	64.1
2822	63.3
2823	64.3
2824	62.8
2825	63.3
2826	63.1
2827	62.8
2828	63.0
2829	63.8
2830	64.1
2831	63.6
2832	63.2
2833	63.5
2834	63.0
2835	63.1
2836	64.3
2837	63.1
2838	63.7
2839	63.0
2840	63.7
2841	63.3
2842	63.2
2843	63.1
2844	63.3
2845	63.5
2846	65.3
2847	66.2
2848	65.2
2849	65.8
2850	65.7
2851	64.6
2852	63.6
2853	63.4
2854	63.5
2855	63.6
2856	63.7
2857	62.9
2858	63.0
2859	62.8
2860	64.3
2861	64.6
2862	63.6
2863	63.3
2864	63.1
2865	63.8
2866	63.9
2867	63.1
2868	63.3
2869	64.6
2870	63.5
2871	63.1
2872	63.2
2873	64.0
2874	63.3
2875	63.2
2876	63.9
2877	63.0
2878	63.3
2879	63.1
2880	63.3
2881	63.1
2882	63.2
2883	63.8
2884	62.9
2885	63.4
2886	63.3
2887	63.1
2888	63.0
2889	64.6
2890	63.0
2891	64.1
2892	65.6
2893	66.0
2894	66.1
2895	66.1
2896	65.7
2897	64.8
2898	63.3
2899	64.0
2900	63.3
2901	63.3
2902	67.8
2903	65.4
2904	65.8
2905	65.6
2906	65.6
2907	66.4
2908	65.8
2909	66.5
2910	65.8
2911	65.5
2912	64.8
2913	63.4
2914	63.3
2915	63.4
2916	64.4
2917	63.6
2918	63.1
2919	63.1
2920	63.2
2921	63.0
2922	63.7
2923	63.5
2924	63.1
2925	63.5
2926	63.0
2927	63.3
2928	63.2
2929	63.1
2930	63.3
2931	63.0
2932	63.5
2933	63.4
2934	62.9
2935	63.1
2936	63.3
2937	63.4
2938	63.2
2939	62.8
2940	63.7
2941	63.0
2942	62.9
2943	63.2
2944	62.9
2945	63.9
2946	63.2
2947	63.9
2948	63.2
2949	63.5
2950	63.1
2951	63.4
2952	63.3
2953	63.7
2954	63.1
2955	63.3
2956	64.9
2957	65.9
2958	66.2
2959	66.0
2960	66.9
2961	65.7
2962	67.3
2963	65.7
2964	66.3
2965	65.6
2966	65.4
2967	66.4
2968	65.9
2969	63.5
2970	63.2
2971	63.4
2972	63.2
2973	63.3
2974	63.3
2975	63.9
2976	63.6
2977	63.2
2978	63.5
2979	63.5
2980	63.2
2981	63.1
2982	63.4
2983	62.8
2984	62.8
2985	63.0
2986	63.2
2987	63.4
2988	63.2
2989	63.6
2990	63.3
2991	63.0
2992	64.7
2993	63.0
2994	63.7
2995	63.8
2996	65.0
2997	65.5
2998	65.8
2999	65.2
3000	65.9
3001	65.5
3002	63.7
3003	63.6
3004	64.2
3005	63.2
3006	63.1
3007	63.4
3008	64.0
3009	63.3
3010	62.8
3011	63.1
3012	62.9
3013	63.3
3014	63.2
3015	63.5
3016	64.3
3017	63.6
3018	63.6
3019	63.1
3020	63.7
3021	63.3
3022	65.6
3023	64.0
3024	65.7
3025	65.4
3026	66.5
3027	65.9
3028	65.5
3029	65.4
3030	65.2
3031	65.3
3032	63.8
3033	63.8
3034	66.0
3035	63.3
3036	63.2
3037	62.8
3038	63.8
3039	64.0
3040	62.7
3041	63.1
3042	63.3
3043	63.3
3044	63.6
3045	63.2
3046	63.1
3047	63.6
3048	63.3
3049	63.0
3050	63.5
3051	63.0
3052	65.1
3053	66.6
3054	66.5
3055	67.0
3056	67.0
3057	67.0
3058	69.3
3059	69.5
3060	72.1
3061	71.5
3062	73.5
3063	76.0
3064	74.9
3065	77.8
3066	78.4
3067	81.6
3068	81.7
3069	82.3
3070	81.9
3071	83.3
3072	84.7
3073	85.6
3074	87.0
3075	87.1
3076	87.1
3077	87.6
3078	94.2
3079	89.4
3080	100.6
3081	97.2
3082	97.6
3083	99.0
3084	98.5
3085	94.9
3086	95.0
3087	99.9
3088	95.1
3089	95.2
3090	94.9
3091	91.1
3092	92.0
3093	88.6
3094	88.9
3095	88.2
3096	91.3
3097	91.2
3098	90.3
3099	88.8
3100	89.5
3101	89.7
3102	90.0
3103	89.8
3104	89.4
3105	88.9
3106	88.8
3107	90.3
3108	91.6
3109	92.4
3110	93.0
3111	93.0
3112	89.0
3113	92.2
3114	106.8
3115	95.3
3116	102.8
3117	96.1
3118	94.4
3119	94.3
3120	96.1
3121	96.1
3122	95.4
3123	96.7
3124	94.5
3125	93.7
3126	93.3
3127	88.2
3128	89.1
3129	93.7
3130	102.3
3131	97.8
3132	95.7
3133	94.5
3134	92.8
3135	95.4
3136	94.0
3137	98.8
3138	98.7
3139	96.1
3140	96.8
3141	92.8
3142	88.7
3143	87.8
3144	89.5
3145	88.6
3146	89.5
3147	88.6
3148	88.5
3149	88.2
3150	88.3
3151	85.5
3152	85.5
3153	85.3
3154	84.3
3155	84.0
3156	85.9
3157	85.8
3158	83.9
3159	85.1
3160	84.1
3161	83.9
3162	86.9
3163	86.0
3164	84.8
3165	85.2
3166	84.4
3167	86.3
3168	87.7
3169	87.5
3170	85.0
3171	85.3
3172	85.4
3173	83.4
3174	83.2
3175	79.9
3176	77.7
3177	76.2
3178	74.4
3179	73.8
3180	73.3
3181	72.2
3182	72.6
3183	71.4
3184	69.3
3185	68.8
3186	68.4
3187	68.7
3188	69.7
3189	69.1
3190	69.2
3191	71.8
3192	72.1
3193	73.9
3194	74.4
3195	74.0
3196	74.8
3197	76.2
3198	77.8
3199	78.2
3200	81.1
3201	82.0
3202	81.5
3203	81.9
3204	82.9
3205	81.7
3206	79.5
3207	78.4
3208	79.6
3209	75.7
3210	81.5
3211	80.9
3212	80.9
3213	85.6
3214	85.1
3215	85.8
3216	85.8
3217	86.0
3218	85.8
3219	84.1
3220	84.2
3221	83.0
3222	84.1
3223	83.8
3224	85.0
3225	85.0
3226	85.1
3227	85.3
3228	84.4
3229	84.2
3230	86.3
3231	85.3
3232	85.7
3233	85.6
3234	83.9
3235	83.5
3236	84.4
3237	85.9
3238	87.1
3239	85.2
3240	85.6
3241	84.8
3242	85.5
3243	88.7
3244	87.6
3245	89.5
3246	87.8
3247	88.1
3248	88.5
3249	90.5
3250	90.9
3251	88.9
3252	84.8
3253	86.3
3254	85.4
3255	85.2
3256	88.6
3257	91.4
3258	94.9
3259	89.3
3260	91.9
3261	89.4
3262	94.4
3263	94.0
3264	90.3
3265	110.8
3266	148.1
3267	105.2
3268	105.1
3269	117.9
3270	105.2
3271	100.6
3272	100.6
3273	98.3
3274	95.1
3275	97.1
3276	93.5
3277	92.8
3278	88.3
3279	89.7
3280	90.1
3281	89.5
3282	88.2
3283	87.8
3284	91.5
3285	88.2
3286	90.4
3287	88.6
3288	83.5
3289	84.5
3290	83.4
3291	84.9
3292	86.3
3293	85.1
3294	84.5
3295	85.2
3296	85.4
3297	87.5
3298	86.6
3299	88.4
3300	89.0
3301	90.2
3302	89.5
3303	92.7
3304	88.6
3305	93.8
3306	92.1
3307	89.8
3308	89.7
3309	93.1
3310	91.9
3311	96.5
3312	89.9
3313	96.6
3314	93.6
3315	97.4
3316	97.1
3317	93.7
3318	90.2
3319	104.3
3320	93.3
3321	94.9
3322	88.9
3323	88.7
3324	88.8
3325	91.2
3326	88.8
3327	89.1
3328	89.1
3329	88.6
3330	89.6
3331	88.7
3332	87.8
3333	84.3
3334	84.0
3335	85.0
3336	85.1
3337	87.2
3338	85.2
3339	84.0
3340	84.5
3341	84.5
3342	85.7
3343	89.1
3344	88.2
3345	88.3
3346	88.7
3347	89.6
3348	86.7
3349	85.0
3350	84.8
3351	82.5
3352	82.9
3353	81.0
3354	77.5
3355	76.9
3356	74.6
3357	74.7
3358	73.0
3359	71.3
3360	71.7
3361	71.4
3362	69.5
3363	68.1
3364	70.0
3365	68.2
3366	68.3
3367	69.3
3368	71.3
3369	68.3
3370	71.5
3371	71.8
3372	73.1
3373	74.1
3374	74.4
3375	75.2
3376	77.3
3377	77.2
3378	78.1
3379	81.0
3380	80.7
3381	82.0
3382	80.3
3383	79.9
3384	80.8
3385	83.8
3386	84.9
3387	88.7
3388	84.7
3389	84.8
3390	84.8
3391	90.6
3392	90.6
3393	92.1
3394	88.4
3395	85.2
3396	85.6
3397	84.9
3398	81.3
3399	80.3
3400	77.3
3401	78.2
3402	73.9
3403	75.6
3404	74.1
3405	71.2
3406	71.1
3407	71.5
3408	69.8
3409	68.8
3410	68.7
3411	69.2
3412	68.2
3413	68.7
3414	65.9
3415	65.9
3416	66.1
3417	65.9
3418	66.6
3419	65.7
3420	65.5
3421	65.8
3422	65.6
3423	65.7
3424	65.0
3425	62.9
3426	64.4
3427	63.3
3428	63.2
3429	63.0
3430	63.2
3431	63.1
3432	63.6
3433	64.6
3434	63.1
3435	63.3
3436	63.2
3437	63.3
3438	64.0
3439	63.0
3440	62.9
3441	63.2
3442	63.3
3443	63.4
3444	63.2
3445	63.1
3446	63.3
3447	63.4
3448	65.1
3449	63.0
3450	63.4
3451	62.5
3452	60.9
3453	61.2
3454	61.6
3455	61.1
3456	60.9
3457	61.2
3458	61.2
3459	60.7
3460	58.7
3461	61.3
3462	61.9
3463	63.2
3464	64.5
3465	66.3
3466	67.3
3467	69.1
3468	70.2
3469	70.7
3470	72.6
3471	73.8
3472	73.7
3473	74.2
3474	76.6
3475	77.4
3476	77.7
3477	76.9
3478	77.1
3479	76.3
3480	74.0
3481	74.6
3482	74.1
3483	71.2
3484	71.1
3485	70.8
3486	70.9
3487	68.4
3488	68.7
3489	68.3
3490	68.2
3491	69.4
3492	67.3
3493	65.1
3494	65.7
3495	67.9
3496	67.9
3497	69.2
3498	71.2
3499	71.0
3500	73.4
3501	74.3
3502	75.9
3503	77.0
3504	79.3
3505	80.4
3506	86.4
3507	85.0
3508	86.1
3509	84.6
3510	83.7
3511	83.5
3512	84.2
3513	85.0
3514	86.3
3515	84.5
3516	83.7
3517	85.9
3518	85.0
3519	85.0
3520	84.3
3521	84.0
3522	83.3
3523	83.3
3524	84.0
3525	84.8
3526	87.3
3527	84.1
3528	83.5
3529	83.2
3530	84.4
3531	85.7
3532	87.4
3533	87.7
3534	88.7
3535	87.7
3536	87.8
3537	84.8
3538	86.0
3539	83.4
3540	84.7
3541	83.6
3542	84.0
3543	85.7
3544	84.2
3545	84.9
3546	84.3
3547	82.4
3548	81.1
3549	81.7
3550	77.6
3551	77.1
3552	75.5
3553	74.1
3554	75.1
3555	73.1
3556	71.2
3557	71.4
3558	71.0
3559	70.1
3560	68.1
3561	68.4
3562	68.1
3563	68.7
3564	68.0
3565	67.2
3566	65.5
3567	67.5
3568	66.6
3569	65.2
3570	65.6
3571	65.2
3572	65.7
3573	65.3
3574	65.2
3575	65.5
3576	66.0
3577	64.9
3578	63.4
3579	63.0
3580	63.0
3581	63.4
3582	63.9
3583	63.0
3584	63.1
3585	63.1
3586	62.9
3587	61.1
3588	61.4
3589	61.0
3590	61.5
3591	60.6
3592	61.2
3593	71.6
3594	62.5
3595	62.9
3596	65.5
3597	66.8
3598	68.7
3599	71.0
3600	75.8
3601	74.8
3602	77.1
3603	92.3
3604	83.8
3605	82.2
3606	85.3
3607	85.9
3608	89.5
3609	91.2
3610	88.7
3611	89.3
3612	88.5
3613	90.6
3614	90.0
3615	90.9
3616	90.4
3617	93.7
3618	101.7
3619	109.8
3620	126.0
3621	109.1
3622	104.4
3623	103.2
3624	104.2
3625	108.6
3626	131.1
3627	105.7
3628	102.9
3629	101.0
3630	99.9
3631	95.4
3632	95.7
3633	93.9
3634	94.6
3635	93.8
3636	93.4
3637	90.2
3638	91.6
3639	89.2
3640	85.6
3641	86.5
3642	82.7
3643	81.9
3644	80.3
3645	77.5
3646	78.2
3647	75.9
3648	74.7
3649	75.3
3650	80.8
3651	78.5
3652	76.2
3653	74.3
3654	71.5
3655	72.4
3656	74.1
3657	73.1
3658	70.8
3659	68.8
3660	69.4
3661	68.5
3662	73.1
3663	69.7
3664	68.6
3665	69.4
3666	69.4
3667	68.2
3668	69.7
3669	68.0
3670	65.5
3671	66.9
3672	66.8
3673	65.5
3674	66.5
3675	66.6
3676	65.6
3677	66.9
3678	68.6
3679	66.0
3680	67.0
3681	66.8
3682	65.7
3683	66.7
3684	71.5
3685	65.8
3686	68.3
3687	68.4
3688	65.6
3689	68.0
3690	66.5
3691	65.7
3692	66.3
3693	66.3
3694	65.6
3695	66.6
3696	68.6
3697	66.0
3698	68.3
3699	66.4
3700	65.4
3701	66.9
3702	66.5
3703	65.9
3704	66.3
3705	65.9
3706	67.4
3707	66.7
3708	68.7
3709	68.4
3710	69.1
3711	69.5
3712	68.1
3713	69.6
3714	73.9
3715	67.5
3716	66.6
3717	66.7
3718	65.7
3719	67.8
3720	66.7
3721	66.1
3722	66.8
3723	66.2
3724	67.3
3725	66.5
3726	66.9
3727	66.0
3728	68.9
3729	69.7
3730	67.8
3731	69.8
3732	69.3
3733	66.3
3734	67.0
3735	66.4
3736	65.6
3737	68.1
3738	67.5
3739	65.8
3740	71.4
3741	70.9
3742	68.4
3743	70.3
3744	68.9
3745	72.2
3746	68.8
3747	69.6
3748	72.8
3749	68.3
3750	68.7
3751	66.5
3752	65.8
3753	70.5
3754	66.8
3755	66.1
3756	67.2
3757	66.4
3758	66.1
3759	66.5
3760	70.8
3761	65.8
3762	66.6
3763	66.8
3764	65.8
3765	68.9
3766	68.9
3767	68.2
3768	69.2
3769	67.9
3770	65.8
3771	66.5
3772	66.8
3773	65.2
3774	66.2
3775	71.0
3776	65.9
3777	70.7
3778	67.0
3779	65.5
3780	66.8
3781	66.3
3782	65.6
3783	68.9
3784	66.4
3785	65.7
3786	66.7
3787	66.1
3788	66.1
3789	67.5
3790	66.7
3791	65.2
3792	70.7
3793	66.7
3794	65.9
3795	66.6
3796	66.8
3797	65.8
3798	70.9
3799	67.5
3800	65.6
3801	68.2
3802	70.0
3803	69.3
3804	70.8
3805	68.9
3806	67.8
3807	70.9
3808	66.9
3809	65.6
3810	71.1
3811	67.0
3812	65.9
3813	67.1
3814	66.5
3815	65.7
3816	67.1
3817	67.1
3818	66.4
3819	66.7
3820	70.7
3821	65.7
3822	71.0
3823	73.8
3824	69.0
3825	69.5
3826	69.5
3827	71.5
3828	68.6
3829	73.7
3830	69.6
3831	67.2
3832	66.5
3833	66.5
3834	65.9
3835	70.6
3836	66.6
3837	66.8
3838	70.7
3839	67.1
3840	66.8
3841	67.8
3842	66.7
3843	66.2
3844	67.2
3845	68.1
3846	69.4
3847	68.8
3848	69.3
3849	69.0
3850	69.7
3851	70.9
3852	69.6
3853	69.4
3854	70.1
3855	67.0
3856	65.7
3857	66.6
3858	66.4
3859	66.7
3860	66.5
3861	66.9
3862	65.8
3863	66.8
3864	66.2
3865	65.9
3866	66.8
3867	69.3
3868	69.2
3869	70.9
3870	68.6
3871	70.6
3872	70.1
3873	69.7
3874	68.2
3875	71.5
3876	69.2
3877	68.6
3878	69.9
3879	82.6
3880	69.4
3881	68.0
3882	67.0
3883	66.2
3884	66.2
3885	66.8
3886	66.5
3887	66.3
3888	67.0
3889	66.8
3890	66.1
3891	68.4
3892	66.4
3893	67.2
3894	66.6
3895	66.1
3896	66.3
3897	67.2
3898	65.8
3899	67.1
3900	67.1
3901	66.1
3902	67.0
3903	66.8
3904	68.8
3905	65.9
3906	69.8
3907	68.6
3908	69.3
3909	69.1
3910	69.9
3911	67.4
3912	67.6
3913	66.0
3914	66.9
3915	68.3
3916	66.7
3917	65.7
3918	67.9
3919	66.2
3920	66.7
3921	66.7
3922	67.0
3923	65.6
3924	70.4
3925	67.0
3926	65.4
3927	67.8
3928	66.2
3929	67.4
3930	70.1
3931	71.9
3932	72.5
3933	76.1
3934	78.7
3935	79.1
3936	77.9
3937	78.8
3938	83.2
3939	78.1
3940	78.3
3941	77.2
3942	78.5
3943	78.9
3944	77.8
3945	75.3
3946	75.8
3947	75.9
3948	74.5
3949	72.8
3950	72.5
3951	76.0
3952	72.2
3953	71.1
3954	76.0
3955	69.5
3956	68.8
3957	68.8
3958	69.0
3959	68.8
3960	69.0
3961	70.0
3962	68.9
3963	68.4
3964	69.0
3965	69.4
3966	67.9
3967	69.4
3968	68.9
3969	67.0
3970	66.7
3971	66.6
3972	66.2
3973	71.4
3974	66.9
3975	65.2
3976	67.1
3977	67.1
3978	65.3
3979	66.7
3980	66.4
3981	65.2
3982	70.9
3983	66.3
3984	65.5
3985	66.5
3986	68.5
3987	65.5
3988	66.9
3989	70.8
3990	72.7
3991	69.6
3992	69.8
3993	68.4
3994	70.0
3995	69.4
3996	68.6
3997	69.5
3998	68.9
3999	70.3
4000	69.0
4001	69.2
4002	68.6
4003	68.3
4004	71.5
4005	70.1
4006	68.1
4007	68.3
4008	67.0
4009	66.0
4010	66.2
4011	66.7
4012	65.6
4013	67.8
4014	68.2
4015	65.6
4016	66.4
4017	66.6
4018	66.1
4019	67.0
4020	69.6
4021	68.2
4022	70.5
4023	73.4
4024	67.8
4025	66.4
4026	66.0
4027	65.5
4028	67.2
4029	70.6
4030	66.3
4031	70.5
4032	66.8
4033	66.0
4034	67.4
4035	68.6
4036	65.9
4037	68.5
4038	66.5
4039	65.7
4040	68.7
4041	66.3
4042	66.4
4043	67.4
4044	67.2
4045	67.0
4046	68.2
4047	71.1
4048	67.2
4049	70.8
4050	74.3
4051	69.1
4052	69.3
4053	73.3
4054	67.7
4055	65.8
4056	70.7
4057	66.9
4058	65.8
4059	66.8
4060	67.3
4061	66.1
4062	66.8
4063	66.6
4064	66.2
4065	67.2
4066	66.2
4067	65.6
4068	66.9
4069	68.6
4070	65.7
4071	66.4
4072	67.4
4073	69.3
4074	69.3
4075	68.7
4076	68.4
4077	68.9
4078	70.3
4079	65.5
4080	68.9
4081	66.3
4082	66.1
4083	66.6
4084	68.7
4085	65.8
4086	67.6
4087	67.1
4088	65.3
4089	68.3
4090	67.1
4091	66.4
4092	70.6
4093	67.5
4094	65.4
4095	66.6
4096	66.5
4097	66.3
4098	68.2
4099	66.6
4100	65.4
4101	66.7
4102	70.7
4103	69.1
4104	70.0
4105	69.3
4106	69.0
4107	69.3
4108	73.7
4109	69.9
4110	68.4
4111	69.6
4112	70.9
4113	67.7
4114	71.7
4115	66.5
4116	65.2
4117	66.9
4118	70.2
4119	66.2
4120	66.7
4121	69.1
4122	65.5
4123	67.2
4124	68.4
4125	65.9
4126	67.1
4127	66.4
4128	65.8
4129	66.5
4130	68.6
4131	65.5
4132	68.8
4133	66.6
4134	65.8
4135	69.1
4136	67.0
4137	66.2
4138	67.6
4139	66.4
4140	66.1
4141	66.9
4142	65.8
4143	67.1
4144	70.5
4145	66.9
4146	65.8
4147	67.5
4148	67.0
4149	65.5
4150	67.4
4151	70.1
4152	67.5
4153	69.7
4154	69.6
4155	68.5
4156	68.5
4157	73.7
4158	66.6
4159	67.6
4160	66.5
4161	68.2
4162	69.4
4163	69.8
4164	70.0
4165	70.3
4166	70.0
4167	69.8
4168	68.6
4169	69.3
4170	73.8
4171	67.8
4172	69.2
4173	68.3
4174	66.2
4175	67.0
4176	70.7
4177	65.4
4178	70.8
4179	66.5
4180	65.9
4181	66.8
4182	67.5
4183	65.7
4184	66.4
4185	66.3
4186	65.4
4187	70.6
4188	67.2
4189	66.3
4190	68.8
4191	73.6
4192	68.2
4193	68.9
4194	68.9
4195	67.4
4196	67.0
4197	71.9
4198	66.2
4199	66.6
4200	66.5
4201	68.4
4202	65.9
4203	70.5
4204	66.2
4205	65.5
4206	66.4
4207	67.8
4208	66.0
4209	68.3
4210	66.7
4211	68.7
4212	69.5
4213	68.4
4214	69.3
4215	71.2
4216	68.0
4217	68.3
4218	66.7
4219	67.4
4220	68.7
4221	70.2
4222	69.3
4223	68.6
4224	69.7
4225	71.7
4226	66.7
4227	66.8
4228	67.2
4229	65.8
4230	66.8
4231	66.2
4232	65.8
4233	70.5
4234	68.9
4235	66.4
4236	66.7
4237	66.2
4238	65.8
4239	66.7
4240	66.6
4241	69.7
4242	72.0
4243	69.1
4244	69.0
4245	69.6
4246	70.0
4247	68.6
4248	66.1
4249	66.1
4250	65.8
4251	66.2
4252	67.0
4253	66.0
4254	66.7
4255	67.5
4256	65.7
4257	66.7
4258	67.2
4259	65.8
4260	67.1
4261	66.5
4262	65.7
4263	66.3
4264	70.4
4265	66.3
4266	68.8
4267	67.3
4268	65.7
4269	67.3
4270	68.6
4271	67.2
4272	71.4
4273	69.7
4274	71.3
4275	68.9
4276	69.7
4277	70.8
4278	69.4
4279	69.0
4280	68.2
4281	65.9
4282	66.9
4283	66.8
4284	66.2
4285	68.4
4286	70.1
4287	65.9
4288	68.3
4289	67.0
4290	68.4
4291	69.4
4292	69.6
4293	68.6
4294	69.2
4295	67.6
4296	66.3
4297	67.4
4298	66.7
4299	66.3
4300	67.3
4301	66.5
4302	66.0
4303	69.9
4304	67.6
4305	65.8
4306	67.4
4307	66.1
4308	65.9
4309	67.0
4310	68.5
4311	65.9
4312	67.0
4313	68.5
4314	65.8
4315	70.6
4316	66.8
4317	65.5
4318	66.5
4319	67.5
4320	65.8
4321	67.6
4322	67.1
4323	65.8
4324	67.1
4325	66.9
4326	66.0
4327	71.8
4328	69.9
4329	70.6
4330	71.2
4331	73.1
4332	83.1
4333	91.1
4334	81.9
4335	85.3
4336	95.9
4337	93.6
4338	90.8
4339	90.8
4340	91.0
4341	91.7
4342	95.6
4343	96.0
4344	95.1
4345	93.2
4346	93.6
4347	90.6
4348	95.9
4349	91.1
4350	111.3
4351	107.8
4352	101.7
4353	117.3
4354	107.9
4355	114.7
4356	106.4
4357	111.6
4358	107.9
4359	104.0
4360	166.2
4361	284.7
4362	233.4
4363	217.8
4364	351.6
4365	263.5
4366	164.6
4367	146.8
4368	141.8
4369	177.5
4370	163.2
4371	127.5
4372	119.0
4373	108.0
4374	98.5
4375	95.3
4376	100.4
4377	85.4
4378	85.9
4379	82.6
4380	81.3
4381	81.2
4382	84.1
4383	84.5
4384	86.6
4385	87.9
4386	84.5
4387	97.5
4388	95.0
4389	139.7
4390	165.2
4391	119.7
4392	113.9
4393	107.2
4394	114.8
4395	106.3
4396	100.5
4397	110.5
4398	102.2
4399	101.6
4400	94.4
4401	97.0
4402	98.0
4403	118.7
4404	108.1
4405	109.3
4406	110.6
4407	107.6
4408	106.8
4409	107.2
4410	109.8
4411	101.7
4412	98.7
4413	92.5
4414	87.9
4415	86.0
4416	86.8
4417	84.9
4418	82.0
4419	77.5
4420	78.5
4421	74.0
4422	74.8
4423	75.5
4424	71.3
4425	71.1
4426	71.2
4427	69.8
4428	68.0
4429	68.3
4430	68.5
4431	68.8
4432	68.4
4433	65.5
4434	66.3
4435	66.3
4436	67.2
4437	66.2
4438	68.2
4439	65.6
4440	65.6
4441	65.7
4442	66.1
4443	65.7
4444	65.2
4445	66.4
4446	66.1
4447	66.1
4448	63.4
4449	63.2
4450	63.1
4451	63.4
4452	63.3
4453	63.9
4454	63.0
4455	62.9
4456	63.7
4457	63.3
4458	63.6
4459	63.5
4460	63.7
4461	65.2
4462	66.5
4463	66.8
4464	69.0
4465	66.4
4466	66.2
4467	66.9
4468	66.4
4469	67.5
4470	66.3
4471	66.2
4472	66.4
4473	69.1
4474	68.4
4475	67.0
4476	66.8
4477	66.4
4478	66.4
4479	63.6
4480	65.9
4481	72.9
4482	68.2
4483	67.1
4484	66.5
4485	66.8
4486	66.5
4487	67.1
4488	66.7
4489	69.6
4490	70.8
4491	71.2
4492	72.2
4493	76.8
4494	71.9
4495	73.6
4496	72.2
4497	72.0
4498	70.9
4499	69.8
4500	70.1
4501	70.5
4502	70.4
4503	74.4
4504	74.7
4505	75.7
4506	78.5
4507	79.0
4508	79.4
4509	77.5
4510	78.2
4511	78.4
4512	80.3
4513	77.5
4514	77.6
4515	77.7
4516	76.2
4517	73.9
4518	74.5
4519	76.1
4520	74.0
4521	71.9
4522	73.0
4523	71.8
4524	71.9
4525	69.3
4526	68.2
4527	68.3
4528	68.3
4529	68.1
4530	68.2
4531	67.2
4532	65.7
4533	65.6
4534	65.0
4535	65.8
4536	66.3
4537	65.6
4538	65.8
4539	66.2
4540	66.3
4541	68.6
4542	66.0
4543	66.0
4544	67.9
4545	65.2
4546	66.8
4547	65.8
4548	65.7
4549	65.1
4550	65.9
4551	65.4
4552	63.2
4553	63.5
4554	63.2
4555	63.7
4556	63.4
4557	63.3
4558	63.6
4559	63.6
4560	63.2
4561	63.5
4562	63.4
4563	63.8
4564	63.5
4565	63.3
4566	63.0
4567	66.0
4568	63.7
4569	66.1
4570	69.7
4571	69.6
4572	67.3
4573	67.7
4574	68.1
4575	68.3
4576	68.2
4577	65.7
4578	66.7
4579	66.5
4580	66.2
4581	65.8
4582	75.2
4583	72.8
4584	74.5
4585	72.4
4586	74.6
4587	74.1
4588	76.6
4589	77.1
4590	78.1
4591	77.9
4592	77.8
4593	78.0
4594	77.4
4595	79.1
4596	81.9
4597	86.9
4598	90.9
4599	79.6
4600	77.6
4601	75.8
4602	74.4
4603	74.5
4604	72.8
4605	71.9
4606	71.4
4607	70.9
4608	70.9
4609	68.2
4610	68.3
4611	68.0
4612	68.2
4613	68.2
4614	68.3
4615	65.4
4616	65.4
4617	65.7
4618	65.8
4619	66.3
4620	65.6
4621	62.9
4622	63.1
4623	63.6
4624	63.3
4625	62.8
4626	61.0
4627	60.7
4628	61.1
4629	60.9
4630	60.8
4631	60.6
4632	60.9
4633	61.0
4634	59.7
4635	59.1
4636	59.4
4637	58.6
4638	59.1
4639	58.8
4640	59.8
4641	58.9
4642	59.0
4643	59.0
4644	58.7
4645	59.8
4646	59.5
4647	59.1
4648	58.9
4649	58.7
4650	58.9
4651	58.9
4652	59.6
4653	58.9
4654	58.8
4655	58.9
4656	59.8
4657	60.0
4658	62.7
4659	68.5
4660	71.8
4661	74.6
4662	73.2
4663	74.9
4664	76.0
4665	77.2
4666	81.9
4667	83.6
4668	81.5
4669	87.7
4670	89.7
4671	88.1
4672	84.9
4673	85.3
4674	86.2
4675	86.6
4676	85.1
4677	94.1
4678	89.4
4679	92.9
4680	89.9
4681	90.4
4682	90.7
4683	90.3
4684	90.1
4685	86.0
4686	86.2
4687	86.2
4688	86.9
4689	86.6
4690	85.9
4691	90.5
4692	86.3
4693	86.2
4694	85.6
4695	81.2
4696	81.6
4697	84.7
4698	101.0
4699	113.8
4700	99.6
4701	93.5
4702	93.1
4703	97.1
4704	105.0
4705	96.0
4706	99.7
4707	96.7
4708	95.6
4709	86.1
4710	89.6
4711	95.1
4712	94.9
4713	97.1
4714	95.4
4715	86.6
4716	93.8
4717	80.6
4718	86.0
4719	90.2
4720	85.8
4721	85.3
4722	88.5
4723	87.4
4724	82.5
4725	86.8
4726	87.0
4727	89.6
4728	78.3
4729	75.9
4730	75.2
4731	75.3
4732	124.7
4733	108.0
4734	96.1
4735	91.0
4736	89.5
4737	89.0
4738	93.6
4739	89.9
4740	86.4
4741	135.1
4742	111.0
4743	97.8
4744	94.2
4745	113.4
4746	117.2
4747	105.8
4748	96.7
4749	99.2
4750	92.6
4751	88.2
4752	87.0
4753	82.8
4754	81.9
4755	80.9
4756	96.4
4757	92.3
4758	86.1
4759	78.1
4760	91.0
4761	87.2
4762	78.0
4763	74.1
4764	73.4
4765	74.0
4766	71.9
4767	71.2
4768	71.1
4769	70.1
4770	69.4
4771	68.8
4772	67.8
4773	68.2
4774	67.7
4775	66.4
4776	78.7
4777	79.8
4778	76.7
4779	68.8
4780	69.1
4781	68.6
4782	68.3
4783	68.1
4784	66.0
4785	66.4
4786	66.9
4787	65.9
4788	67.5
4789	65.7
4790	65.8
4791	66.1
4792	65.3
4793	65.7
4794	65.3
4795	65.0
4796	69.0
4797	64.2
4798	63.4
4799	63.1
4800	63.1
4801	64.6
4802	65.4
4803	64.8
4804	63.3
4805	63.0
4806	66.1
4807	65.8
4808	77.1
4809	75.2
4810	78.3
4811	80.8
4812	78.3
4813	79.0
4814	80.7
4815	82.4
4816	76.9
4817	70.9
4818	69.2
4819	71.5
4820	67.5
4821	70.2
4822	68.3
4823	68.1
4824	68.5
4825	75.3
4826	76.5
4827	75.9
4828	69.6
4829	67.5
4830	68.8
4831	77.5
4832	66.1
4833	73.4
4834	78.8
4835	77.1
4836	80.5
4837	80.5
4838	81.0
4839	81.3
4840	71.8
4841	70.7
4842	67.4
4843	73.9
4844	68.2
4845	69.2
4846	68.0
4847	68.2
4848	68.0
4849	69.5
4850	68.6
4851	67.8
4852	67.0
4853	65.3
4854	65.6
4855	67.7
4856	66.0
4857	66.1
4858	67.2
4859	65.3
4860	65.4
4861	65.9
4862	64.8
4863	63.0
4864	63.6
4865	63.7
4866	62.8
4867	64.4
4868	63.2
4869	62.8
4870	63.3
4871	63.1
4872	62.8
4873	63.5
4874	63.3
4875	63.1
4876	63.4
4877	63.7
4878	63.1
4879	63.4
4880	64.1
4881	63.2
4882	65.9
4883	62.9
4884	62.9
4885	62.7
4886	64.2
4887	65.0
4888	63.3
4889	64.0
4890	64.0
4891	64.4
4892	64.6
4893	66.4
4894	63.3
4895	63.3
4896	63.3
4897	63.1
4898	64.5
4899	67.1
4900	65.6
4901	66.4
4902	65.6
4903	69.0
4904	74.6
4905	79.5
4906	75.8
4907	75.3
4908	69.1
4909	65.7
4910	65.9
4911	69.5
4912	66.1
4913	66.4
4914	67.7
4915	71.8
4916	74.6
4917	104.0
4918	97.3
4919	93.7
4920	86.4
4921	84.6
4922	86.4
4923	91.3
4924	86.0
4925	89.3
4926	92.6
4927	89.7
4928	90.9
4929	88.1
4930	87.9
4931	90.6
4932	93.1
4933	88.9
4934	88.0
4935	89.5
4936	93.6
4937	100.9
4938	89.3
4939	91.0
4940	88.5
4941	94.8
4942	87.7
4943	84.6
4944	85.0
4945	82.3
4946	82.6
4947	79.5
4948	81.4
4949	78.9
4950	75.2
4951	74.6
4952	73.7
4953	71.5
4954	72.7
4955	71.3
4956	70.6
4957	69.9
4958	68.9
4959	68.6
4960	69.1
4961	68.5
4962	67.8
4963	67.8
4964	65.3
4965	66.4
4966	65.3
4967	65.7
4968	65.3
4969	65.7
4970	65.6
4971	65.4
4972	65.5
4973	66.8
4974	68.0
4975	74.9
4976	66.8
4977	65.3
4978	65.9
4979	65.6
4980	65.6
4981	65.5
4982	65.9
4983	65.5
4984	66.0
4985	65.7
4986	65.9
4987	64.4
4988	63.1
4989	63.7
4990	63.3
4991	63.8
4992	62.8
4993	63.2
4994	63.1
4995	63.4
4996	63.9
4997	62.9
4998	62.8
4999	63.0
5000	63.6
5001	64.2
5002	63.3
5003	63.0
5004	63.1
5005	63.5
5006	64.4
5007	63.4
5008	63.1
5009	63.4
5010	62.8
5011	63.4
5012	63.1
5013	63.0
5014	62.8
5015	62.9
5016	63.3
5017	63.2
5018	63.0
5019	63.0
5020	63.1
5021	63.3
5022	63.2
5023	63.3
5024	63.0
5025	63.1
5026	63.8
5027	63.0
5028	63.3
5029	63.4
5030	63.1
5031	62.9
5032	63.6
5033	63.1
5034	63.4
5035	62.9
5036	63.5
5037	63.4
5038	62.8
5039	63.5
5040	63.7
5041	62.9
5042	63.0
5043	63.0
5044	63.2
5045	63.0
5046	62.8
5047	63.0
5048	64.5
5049	70.3
5050	64.1
5051	66.5
5052	67.1
5053	64.4
5054	64.1
5055	64.5
5056	65.9
5057	66.5
5058	66.8
5059	65.4
5060	66.0
5061	65.3
5062	64.7
5063	63.0
5064	63.4
5065	63.1
5066	64.0
5067	65.1
5068	64.2
5069	63.7
5070	64.4
5071	67.0
5072	67.8
5073	66.8
5074	66.8
5075	69.0
5076	66.0
5077	65.7
5078	66.3
5079	66.5
5080	64.9
5081	65.6
5082	65.3
5083	65.9
5084	62.7
5085	63.6
5086	62.9
5087	64.0
5088	64.1
5089	62.9
5090	63.5
5091	62.5
5092	63.3
5093	63.3
5094	63.0
5095	63.0
5096	63.1
5097	64.2
5098	64.3
5099	65.5
5100	68.8
5101	68.4
5102	73.5
5103	65.7
5104	68.3
5105	67.1
5106	66.0
5107	65.7
5108	65.9
5109	69.8
5110	67.1
5111	67.2
5112	66.9
5113	65.5
5114	66.2
5115	66.2
5116	68.9
5117	66.3
5118	65.6
5119	66.4
5120	65.9
5121	65.9
5122	66.5
5123	67.1
5124	66.8
5125	69.2
5126	65.5
5127	65.7
5128	66.6
5129	65.3
5130	66.3
5131	67.3
5132	65.7
5133	65.6
5134	66.3
5135	67.0
5136	66.8
5137	66.5
5138	68.7
5139	65.6
5140	65.7
5141	66.2
5142	65.6
5143	63.7
5144	63.3
5145	63.9
5146	66.7
5147	67.7
5148	68.6
5149	65.6
5150	66.9
5151	65.4
5152	66.4
5153	65.8
5154	65.7
5155	65.4
5156	67.0
5157	68.3
5158	68.4
5159	65.7
5160	66.5
5161	66.7
5162	65.4
5163	65.7
5164	65.4
5165	65.8
5166	65.5
5167	65.9
5168	66.0
5169	66.8
5170	68.8
5171	65.5
5172	65.3
5173	65.4
5174	65.2
5175	65.3
5176	68.7
5177	69.6
5178	66.1
5179	65.5
5180	66.8
5181	65.4
5182	64.6
5183	63.1
5184	63.1
5185	63.6
5186	65.2
5187	62.7
5188	63.0
5189	63.3
5190	63.2
5191	63.2
5192	62.8
5193	64.4
5194	62.8
5195	63.1
5196	66.5
5197	65.4
5198	68.4
5199	69.7
5200	71.1
5201	73.5
5202	74.3
5203	76.4
5204	82.0
5205	80.1
5206	81.9
5207	83.6
5208	83.7
5209	86.6
5210	85.8
5211	89.0
5212	85.2
5213	86.2
5214	91.0
5215	84.8
5216	80.4
5217	82.7
5218	80.1
5219	81.8
5220	77.0
5221	75.1
5222	74.4
5223	74.6
5224	75.3
5225	72.4
5226	74.9
5227	71.4
5228	71.0
5229	69.2
5230	72.4
5231	68.5
5232	67.5
5233	68.9
5234	67.4
5235	71.3
5236	68.2
5237	66.0
5238	65.4
5239	66.6
5240	65.7
5241	65.6
5242	65.3
5243	65.1
5244	68.3
5245	72.8
5246	66.0
5247	66.6
5248	68.1
5249	65.3
5250	65.7
5251	65.2
5252	65.1
5253	65.1
5254	68.2
5255	65.7
5256	65.4
5257	66.6
5258	66.6
5259	63.5
5260	63.0
5261	62.9
5262	62.8
5263	63.2
5264	62.8
5265	63.3
5266	64.7
5267	65.2
5268	66.3
5269	65.6
5270	67.1
5271	65.6
5272	73.8
5273	65.9
5274	66.3
5275	66.5
5276	63.5
5277	63.3
5278	63.2
5279	63.1
5280	63.3
5281	66.1
5282	67.4
5283	65.7
5284	65.4
5285	64.9
5286	65.5
5287	63.8
5288	63.5
5289	63.0
5290	65.7
5291	63.1
5292	63.0
5293	62.9
5294	63.5
5295	62.9
5296	63.1
5297	63.3
5298	63.9
5299	64.6
5300	63.2
5301	63.1
5302	64.2
5303	63.2
5304	62.6
5305	63.9
5306	62.9
5307	63.8
5308	63.3
5309	67.3
5310	62.9
5311	63.0
5312	62.8
5313	63.3
5314	63.3
5315	62.8
5316	63.6
5317	62.9
5318	65.3
5319	62.8
5320	62.9
5321	63.8
5322	64.2
5323	63.2
5324	62.7
5325	63.2
5326	63.1
5327	63.3
5328	65.4
5329	63.0
5330	63.1
5331	63.0
5332	63.0
5333	63.4
5334	63.2
5335	62.9
5336	63.1
5337	64.4
5338	64.8
5339	65.9
5340	65.0
5341	65.9
5342	65.1
5343	65.0
5344	63.0
5345	63.2
5346	63.6
5347	65.6
5348	62.8
5349	62.9
5350	63.2
5351	63.6
5352	63.8
5353	63.4
5354	63.4
5355	63.6
5356	65.1
5357	63.1
5358	63.2
5359	63.0
5360	64.5
5361	63.4
5362	63.2
5363	63.0
5364	63.6
5365	65.4
5366	62.9
5367	63.0
5368	63.7
5369	62.9
5370	63.2
5371	62.8
5372	63.1
5373	62.7
5374	63.3
5375	66.7
5376	66.2
5377	67.5
5378	69.6
5379	70.0
5380	72.6
5381	74.2
5382	75.7
5383	82.2
5384	80.6
5385	82.2
5386	83.4
5387	84.1
5388	84.2
5389	85.3
5390	86.4
5391	81.0
5392	81.0
5393	80.6
5394	79.5
5395	77.4
5396	76.8
5397	74.1
5398	76.4
5399	73.8
5400	76.0
5401	76.7
5402	80.0
5403	80.2
5404	82.8
5405	83.5
5406	89.5
5407	84.0
5408	84.8
5409	84.4
5410	84.2
5411	84.2
5412	84.6
5413	88.5
5414	82.0
5415	83.2
5416	80.8
5417	78.9
5418	76.9
5419	73.9
5420	76.0
5421	75.2
5422	77.5
5423	77.5
5424	80.3
5425	81.4
5426	80.5
5427	81.1
5428	83.7
5429	80.9
5430	80.7
5431	81.9
5432	79.2
5433	77.2
5434	77.6
5435	75.5
5436	74.2
5437	73.8
5438	71.0
5439	70.8
5440	70.9
5441	71.3
5442	68.0
5443	67.9
5444	70.8
5445	67.6
5446	68.5
5447	67.1
5448	65.7
5449	65.8
5450	65.5
5451	65.5
5452	65.4
5453	68.1
5454	65.7
5455	66.1
5456	65.8
5457	66.7
5458	63.3
5459	63.1
5460	63.5
5461	63.5
5462	65.0
5463	63.4
5464	63.6
5465	62.9
5466	63.2
5467	62.8
5468	62.9
5469	63.1
5470	63.3
5471	64.9
5472	62.9
5473	62.8
5474	63.0
5475	63.0
5476	63.0
5477	63.3
5478	64.1
5479	66.3
5480	63.9
5481	67.0
5482	66.0
5483	65.4
5484	65.8
5485	65.6
5486	65.7
5487	64.0
5488	63.3
5489	64.0
5490	64.9
5491	62.9
5492	63.2
5493	63.2
5494	63.6
5495	63.3
5496	63.5
5497	63.0
5498	63.0
5499	64.0
5500	64.9
5501	63.1
5502	62.9
5503	63.2
5504	63.1
5505	63.4
5506	63.3
5507	63.3
5508	63.0
5509	65.2
5510	63.6
5511	63.3
5512	63.4
5513	63.2
5514	63.6
5515	63.2
5516	63.8
5517	63.8
5518	65.4
5519	63.6
5520	62.9
5521	63.6
5522	67.2
5523	64.0
5524	65.2
5525	64.7
5526	63.3
5527	63.0
5528	68.0
5529	66.3
5530	70.3
5531	66.3
5532	66.1
5533	66.7
5534	66.5
5535	66.9
5536	66.8
5537	65.3
5538	66.2
5539	65.3
5540	66.3
5541	67.2
5542	67.6
5543	67.1
5544	66.5
5545	67.1
5546	65.2
5547	67.0
5548	66.5
5549	63.8
5550	64.0
5551	63.3
5552	65.6
5553	63.7
5554	64.8
5555	64.2
5556	63.6
5557	64.0
5558	63.7
5559	64.8
5560	65.5
5561	66.1
5562	66.7
5563	65.8
5564	65.8
5565	64.9
5566	65.2
5567	63.1
5568	62.8
5569	64.7
5570	63.2
5571	62.8
5572	64.6
5573	64.1
5574	64.1
5575	64.3
5576	66.2
5577	70.0
5578	71.4
5579	67.8
5580	67.4
5581	68.7
5582	68.2
5583	66.9
5584	66.4
5585	65.5
5586	66.8
5587	68.7
5588	66.8
5589	67.0
5590	66.3
5591	66.1
5592	66.4
5593	65.3
5594	65.8
5595	65.2
5596	68.0
5597	68.2
5598	71.1
5599	71.0
5600	70.8
5601	75.3
5602	74.7
5603	73.6
5604	74.0
5605	73.7
5606	73.9
5607	73.5
5608	74.2
5609	73.5
5610	74.0
5611	70.6
5612	71.0
5613	70.7
5614	71.6
5615	68.6
5616	67.7
5617	67.6
5618	67.4
5619	68.1
5620	67.9
5621	65.7
5622	66.9
5623	66.0
5624	66.1
5625	65.4
5626	65.5
5627	65.9
5628	65.6
5629	65.6
5630	65.3
5631	69.2
5632	68.4
5633	65.7
5634	65.2
5635	65.9
5636	67.1
5637	65.7
5638	66.1
5639	65.0
5640	63.7
5641	63.5
5642	65.6
5643	63.1
5644	63.6
5645	63.5
5646	63.0
5647	63.0
5648	63.3
5649	62.7
5650	63.8
5651	63.0
5652	63.3
5653	63.5
5654	62.9
5655	67.0
5656	63.1
5657	64.2
5658	65.6
5659	65.4
5660	67.9
5661	67.3
5662	66.1
5663	65.8
5664	66.2
5665	66.0
5666	67.5
5667	66.5
5668	65.5
5669	63.5
5670	63.1
5671	63.0
5672	63.3
5673	63.1
5674	64.6
5675	64.5
5676	64.7
5677	63.2
5678	63.7
5679	63.8
5680	63.5
5681	63.4
5682	63.8
5683	63.8
5684	63.3
5685	63.5
5686	63.1
5687	63.2
5688	64.3
5689	62.7
5690	63.5
5691	63.7
5692	63.6
5693	63.3
5694	63.3
5695	63.3
5696	61.9
5697	60.7
5698	60.8
5699	61.7
5700	60.7
5701	60.8
5702	61.4
5703	60.2
5704	58.9
5705	59.1
5706	59.0
5707	59.5
5708	60.8
5709	60.1
5710	60.1
5711	59.9
5712	61.1
5713	61.0
5714	64.6
5715	61.4
5716	64.0
5717	62.8
5718	64.6
5719	63.9
5720	63.3
5721	65.0
5722	65.5
5723	63.9
5724	63.6
5725	63.2
5726	63.7
5727	63.1
5728	62.8
5729	62.9
5730	63.4
5731	63.5
5732	63.0
5733	63.2
5734	63.2
5735	63.0
5736	62.8
5737	62.9
5738	63.4
5739	63.3
5740	63.0
5741	62.9
5742	63.2
5743	62.8
5744	63.0
5745	63.2
5746	63.0
5747	64.7
5748	63.3
5749	63.9
5750	63.8
5751	64.1
5752	62.7
5753	63.0
5754	63.7
5755	63.2
5756	63.2
5757	63.0
5758	62.9
5759	62.8
5760	62.9
5761	62.9
5762	63.0
5763	64.1
5764	63.0
5765	63.2
5766	63.0
5767	63.3
5768	63.4
5769	63.1
5770	62.7
5771	63.1
5772	62.8
5773	63.1
5774	62.7
5775	62.9
5776	63.6
5777	63.8
5778	63.2
5779	62.7
5780	63.2
5781	63.1
5782	63.3
5783	63.3
5784	62.9
5785	62.8
5786	63.0
5787	63.2
5788	63.1
5789	63.2
5790	62.9
5791	63.1
5792	63.1
5793	63.7
5794	62.9
5795	63.4
5796	63.2
5797	63.0
5798	62.8
5799	63.5
5800	64.1
5801	63.4
5802	62.8
5803	62.6
5804	61.3
5805	61.2
5806	60.5
5807	61.2
5808	61.2
5809	61.1
5810	60.7
5811	60.1
5812	58.8
5813	59.3
5814	58.6
5815	58.7
5816	59.0
5817	58.7
5818	59.0
5819	59.2
5820	58.8
5821	59.0
5822	58.7
5823	58.9
5824	58.8
5825	59.2
5826	58.8
5827	58.9
5828	58.7
5829	58.5
5830	58.2
5831	57.0
5832	57.2
5833	57.0
5834	56.9
5835	56.9
5836	56.8
5837	56.8
5838	57.9
5839	57.0
5840	57.0
5841	57.9
5842	58.8
5843	58.6
5844	59.0
5845	59.1
5846	58.9
5847	59.2
5848	59.1
5849	58.1
5850	57.1
5851	56.9
5852	57.0
5853	57.2
5854	57.0
5855	57.2
5856	58.8
5857	58.9
5858	58.7
5859	58.7
5860	58.9
5861	59.2
5862	59.2
5863	58.0
5864	56.9
5865	56.9
5866	56.8
5867	56.7
5868	56.9
5869	56.8
5870	57.0
5871	56.7
5872	57.5
5873	56.9
5874	57.4
5875	59.0
5876	58.8
5877	58.6
5878	58.5
5879	58.7
5880	59.1
5881	58.6
5882	58.9
5883	58.0
5884	56.6
5885	56.9
5886	58.4
5887	58.5
5888	59.3
5889	73.6
5890	78.8
5891	84.8
5892	82.8
5893	75.4
5894	76.9
5895	77.2
5896	77.3
5897	78.1
5898	80.8
5899	80.1
5900	79.7
5901	81.3
5902	80.4
5903	81.1
5904	80.6
5905	80.0
5906	80.7
5907	81.0
5908	80.7
5909	77.5
5910	77.0
5911	74.0
5912	73.6
5913	73.6
5914	70.9
5915	70.5
5916	70.9
5917	70.6
5918	69.3
5919	68.6
5920	68.0
5921	67.9
5922	67.8
5923	67.9
5924	65.8
5925	65.6
5926	66.5
5927	69.2
5928	69.0
5929	78.0
5930	73.0
5931	75.7
5932	76.2
5933	82.1
5934	81.3
5935	87.6
5936	85.5
5937	84.0
5938	84.9
5939	83.5
5940	89.2
5941	88.8
5942	89.3
5943	85.5
5944	85.6
5945	83.4
5946	82.0
5947	80.1
5948	77.9
5949	76.3
5950	73.6
5951	73.8
5952	72.1
5953	70.9
5954	71.3
5955	70.5
5956	69.7
5957	68.1
5958	68.0
5959	68.0
5960	68.0
5961	67.8
5962	65.9
5963	65.6
5964	65.3
5965	65.7
5966	65.6
5967	65.7
5968	66.0
5969	66.0
5970	65.3
5971	65.7
5972	64.3
5973	63.0
5974	64.2
5975	78.2
5976	71.3
5977	71.5
5978	71.8
5979	74.1
5980	73.6
5981	78.4
5982	78.8
5983	82.6
5984	82.3
5985	83.9
5986	86.4
5987	85.3
5988	87.9
5989	87.2
5990	84.1
5991	85.4
5992	84.3
5993	88.9
5994	97.4
5995	103.5
5996	94.0
5997	94.2
5998	103.3
5999	106.3
6000	109.7
6001	111.3
6002	121.7
6003	113.5
6004	111.1
6005	120.4
6006	107.4
6007	102.9
6008	100.2
6009	99.9
6010	93.4
6011	94.5
6012	93.4
6013	93.1
6014	93.8
6015	88.6
6016	87.6
6017	87.6
6018	88.0
6019	88.8
6020	88.0
6021	83.2
6022	84.2
6023	83.3
6024	83.4
6025	85.0
6026	83.7
6027	85.3
6028	84.2
6029	81.1
6030	81.6
6031	79.9
6032	78.8
6033	77.6
6034	75.3
6035	73.9
6036	74.3
6037	72.0
6038	71.4
6039	70.7
6040	71.6
6041	69.5
6042	69.1
6043	69.0
6044	70.7
6045	74.1
6046	77.2
6047	74.1
6048	74.8
6049	79.0
6050	78.6
6051	78.9
6052	78.9
6053	82.8
6054	78.0
6055	77.4
6056	77.1
6057	77.2
6058	76.1
6059	74.6
6060	74.4
6061	71.8
6062	70.9
6063	70.8
6064	71.5
6065	69.9
6066	80.2
6067	90.0
6068	89.1
6069	87.2
6070	84.8
6071	85.0
6072	84.6
6073	85.0
6074	80.7
6075	81.1
6076	80.6
6077	79.6
6078	77.7
6079	95.1
6080	90.0
6081	88.7
6082	89.1
6083	100.7
6084	87.0
6085	87.4
6086	76.7
6087	75.9
6088	80.5
6089	88.9
6090	88.0
6091	87.8
6092	86.5
6093	84.0
6094	74.6
6095	72.3
6096	71.2
6097	70.6
6098	73.1
6099	68.2
6100	72.4
6101	82.5
6102	80.1
6103	76.1
6104	80.6
6105	71.3
6106	83.6
6107	90.0
6108	95.9
6109	98.7
6110	92.4
6111	86.1
6112	84.6
6113	89.3
6114	84.9
6115	81.8
6116	80.8
6117	79.0
6118	78.8
6119	76.6
6120	73.8
6121	74.0
6122	72.6
6123	72.4
6124	70.6
6125	71.1
6126	68.4
6127	68.9
6128	78.8
6129	81.0
6130	80.8
6131	85.0
6132	76.6
6133	73.0
6134	73.4
6135	82.6
6136	72.1
6137	71.4
6138	70.5
6139	69.8
6140	72.5
6141	71.0
6142	72.3
6143	73.3
6144	76.8
6145	69.6
6146	71.6
6147	71.8
6148	70.6
6149	71.0
6150	75.1
6151	103.9
6152	95.0
6153	93.0
6154	85.5
6155	87.8
6156	84.9
6157	87.9
6158	90.8
6159	85.8
6160	84.7
6161	86.4
6162	87.1
6163	82.9
6164	81.9
6165	80.6
6166	81.2
6167	83.1
6168	81.3
6169	83.2
6170	80.8
6171	80.7
6172	80.1
6173	86.2
6174	88.5
6175	95.3
6176	87.7
6177	95.7
6178	98.0
6179	107.5
6180	104.5
6181	94.3
6182	97.5
6183	96.9
6184	97.5
6185	95.3
6186	99.6
6187	97.9
6188	101.7
6189	101.2
6190	102.7
6191	103.4
6192	93.8
6193	94.4
6194	96.8
6195	89.7
6196	91.4
6197	93.1
6198	97.2
6199	91.2
6200	87.0
6201	85.8
6202	84.6
6203	82.7
6204	81.9
6205	78.7
6206	80.3
6207	77.2
6208	76.4
6209	78.7
6210	75.2
6211	73.8
6212	70.9
6213	72.4
6214	72.2
6215	72.5
6216	72.8
6217	71.8
6218	74.7
6219	68.3
6220	71.6
6221	68.9
6222	68.5
6223	69.5
6224	69.5
6225	70.0
6226	68.7
6227	71.5
6228	69.2
6229	70.1
6230	74.0
6231	69.7
6232	68.0
6233	71.8
6234	69.4
6235	67.2
6236	68.3
6237	66.5
6238	66.8
6239	67.5
6240	66.4
6241	67.0
6242	67.0
6243	68.5
6244	67.2
6245	67.2
6246	66.6
6247	70.7
6248	67.8
6249	68.8
6250	67.0
6251	67.5
6252	69.4
6253	65.5
6254	69.6
6255	70.3
6256	71.7
6257	69.0
6258	72.4
6259	72.7
6260	68.7
6261	70.8
6262	68.1
6263	65.8
6264	70.5
6265	67.6
6266	66.1
6267	70.6
6268	70.1
6269	71.5
6270	69.0
6271	71.0
6272	73.7
6273	70.0
6274	77.2
6275	75.0
6276	74.2
6277	74.7
6278	88.0
6279	81.3
6280	78.0
6281	82.3
6282	81.1
6283	83.4
6284	90.6
6285	83.4
6286	83.3
6287	86.9
6288	88.1
6289	98.9
6290	139.7
6291	122.6
6292	116.5
6293	104.7
6294	103.2
6295	97.7
6296	92.2
6297	92.4
6298	89.6
6299	90.4
6300	124.8
6301	126.0
6302	143.2
6303	154.1
6304	125.2
6305	120.0
6306	122.9
6307	108.4
6308	117.7
6309	117.2
6310	117.5
6311	116.2
6312	149.2
6313	130.4
6314	119.1
6315	109.5
6316	115.9
6317	128.7
6318	138.4
6319	126.9
6320	132.5
6321	161.8
6322	172.4
6323	142.0
6324	139.1
6325	133.8
6326	166.3
6327	175.5
6328	126.7
6329	128.2
6330	131.1
6331	121.5
6332	128.5
